1,1,1,32,3763.2676,1623560,1586576,1127927,458649,112125,45962,50303,85894,3060,28910,209381,63008,80714,0,390161,58409
1,1,1,34,1668.7991,3485989,2252277,1647471,604806,257485,56875,157289,163625,10536,65850,359444,142078,35837,0,356438,42014
1,1,1,34,4661.1541,3484359,4467629,3663643,803987,45413,0,133786,41955,1013,4252,2674850,216443,111501,38178,325709,70544
1,1,1,36,1358.3255,2938134,4132261,1337406,2794854,135717,28460,142829,372698,6779,53331,233083,68254,102929,0,171588,21737
1,1,1,41,116.1989,1638000,1744240,812260,931980,148950,4000,135000,15550,30970,33640,49600,102660,40900,0,205500,45490
1,1,1,41,362.1561,1785850,1430042,1064765,365276,140403,2324,0,392228,10372,5299,237079,53507,2500,0,167338,53715
1,1,1,44,1155.8873,1857761,1197812,1148272,49540,197450,9125,32798,47425,44,0,163679,76124,6900,0,552746,61980
1,1,1,44,304.0654,2782500,2637700,1337700,1300000,17400,126900,0,130000,0,0,126900,134000,2500,0,790000,10000
1,1,1,51,314.1604,550000,699960,699960,0,102980,271730,0,165140,7550,0,20000,19580,10580,0,20000,82400
1,1,1,52,6621.5813,3068033,3261309,1864582,1396728,107651,171009,73073,86329,3385,66109,236888,102439,149814,104612,656935,106339
1,1,1,55,1299.9975,2035771,1204833,468191,736642,30467,79780,9208,106421,7445,16604,53868,5660,9100,0,144138,5501
1,1,1,73,1857.4347,2338785,3001633,2553396,448238,135691,0,65680,64767,23024,197496,1600400,31246,131395,11861,245276,46560
1,1,1,82,1199.4074,673176,627170,475346,151824,82474,311,385,61132,26813,130051,23558,16945,81836,1349,38329,12163
1,1,2,25,1109.4898,2413268,1459315,1210123,249192,107292,119,96547,105184,13305,137929,191507,24850,53647,0,288940,190802
1,1,2,26,453.6106,1555880,2783084,2491874,291210,79278,0,561385,300584,4958,393458,317547,131001,220488,0,385326,97849
1,1,2,27,1452.1747,850789,743589,651450,92139,31165,342,57218,51660,8689,7112,103353,87994,30951,0,177480,95486
1,1,2,36,180.7117,1249791,872063,720144,151919,2951,0,94147,0,63743,0,0,0,368843,0,0,190461
1,1,2,39,571.6089,1041716,745410,693839,51571,102790,815,0,330025,3837,10032,45427,17494,46425,0,77473,59520
1,1,2,44,4002.7044,4686267,4692701,3702336,990365,366977,5666,164159,136295,45107,183664,205073,151592,99037,1417531,717365,209870
1,1,2,46,817.0448,1621846,1104267,932783,171484,111221,0,162380,249933,47695,2704,13708,47127,8620,0,128867,160529
1,1,2,49,1332.0937,2497505,1008846,718418,290428,179418,3420,70882,157420,9253,25829,30000,104534,12916,0,47473,77274
1,1,2,52,658.807,1385325,1635375,1149108,486268,91130,6179,49689,313825,10412,24378,172281,134216,34230,0,233572,79195
1,1,2,52,737.656,3075668,2427706,907847,1519859,141650,0,128363,21942,134722,9500,27104,42797,27752,0,239790,134227
1,1,2,57,164.4265,1612449,1001630,535288,466342,89550,0,0,66509,2751,0,13160,19878,10200,0,240501,92739
1,1,2,57,771.4853,1410950,3044092,2650405,393688,297704,10662,7881,25658,40295,47539,2093308,16423,20989,0,2952,86993
1,1,2,58,2727.4529,1668340,1361325,790617,570708,169642,336,59874,279490,31428,13747,78729,46277,11438,0,43684,55971
1,1,2,59,811.0237,1435163,1043309,880895,162414,59034,5802,38334,371761,32376,35910,173042,4760,79572,9576,40463,30264
1,1,2,60,3915.569,1930168,1017036,781357,235680,210100,37935,45038,128777,1036,34465,95402,44088,3613,0,119420,61484
1,1,2,60,895.576,579745,617175,501295,115880,150821,3846,20250,61460,40715,57583,39476,21620,30064,0,58243,17217
1,1,2,62,405.3282,2109735,1815765,1445303,370462,334411,0,19007,245623,41096,471309,111085,46489,37219,0,56151,82914
1,1,2,65,1659.4506,851445,947171,666410,280762,195691,0,30344,274832,18848,64984,17303,7929,28178,0,12507,15794
1,1,2,65,966.1467,948461,1401007,1300869,100138,113098,2384,156480,308771,26653,199810,99527,27733,18457,0,259445,88511
1,1,2,66,1349.6776,941071,629084,441737,187347,177011,962,20362,16218,7480,12652,61736,5025,33506,0,61699,45087
1,1,2,68,2079.9302,400995,541884,394235,147649,82397,0,46589,48965,17623,62567,41187,27527,7944,0,27504,31932
1,1,2,68,4104.2707,626989,1323101,1102882,220219,200050,1507,90798,441972,15297,209625,11827,4863,24343,0,54448,48152
1,1,2,73,6755.3641,490042,345972,336907,9065,146018,2918,2593,98146,6915,10383,21675,11615,2298,0,2800,31544
1,1,2,76,6696.2031,516605,544660,461166,83495,231478,181,14545,4014,18622,90791,8816,0,73348,0,5345,14025
1,1,2,78,3348.3056,942865,1085329,916334,168996,286852,3771,33419,266525,29335,81402,31782,44746,20391,0,78555,39556
1,1,2,79,662.6047,787175,340268,303217,37051,56657,1646,127,181067,2150,25901,14508,3995,7012,0,7577,2578
1,1,2,82,1290.5519,395149,238390,177386,61004,55065,0,0,68473,0,10917,14282,19444,0,0,5517,3688
1,2,1,26,961.7733,2913448,1791388,1377103,414285,166362,9847,231255,114669,31519,26851,233182,158291,64866,53096,242772,44392
1,2,1,28,4240.2023,4006582,2969897,2366729,603169,236865,48133,291815,492701,50067,32077,195815,195515,72967,0,568524,182250
1,2,1,31,1164.023,7585871,3719069,2537253,1181817,358816,980,368705,156655,41397,504800,295767,68093,2500,0,371937,367602
1,2,1,31,943.7719,5243789,2743446,2063252,680194,131426,6192,293483,246064,22352,116194,169631,182544,87742,0,479977,327646
1,2,1,32,268.0685,3095347,2241660,1762827,478833,341072,39040,267228,120164,57097,35747,205338,143652,154924,0,169578,228988
1,2,1,32,3763.2676,5253150,4628163,3092914,1535248,155976,992,116551,187324,13252,46898,1879561,119351,29476,0,441161,102373
1,2,1,32,3894.0885,3487159,1576973,1110772,466201,232233,48831,205660,82622,24100,10806,102911,66728,32298,0,194339,110245
1,2,1,33,2099.9609,2333445,2977214,2235510,741705,170850,79372,177514,86280,146414,477982,418621,130016,229526,0,228161,90774
1,2,1,33,224.4525,5075658,2127364,1321217,806146,103467,0,138910,107340,22514,55326,170976,129851,12300,0,530823,49712
1,2,1,33,481.3877,4971291,2953239,2371255,581983,182534,174341,197301,391651,107769,113840,418429,179694,59589,0,353590,192517
1,2,1,33,995.3704,3192260,2899243,2063610,835633,261321,28473,125009,167739,72207,427400,234199,180013,43471,0,462441,61338
1,2,1,34,523.174,5987124,2764581,1756398,1008183,217131,13114,24585,174182,13023,82232,349562,110692,117679,0,563535,90662
1,2,1,36,39.8852,1120000,1284410,1204510,79900,95310,79500,0,629000,7200,0,120000,102000,14500,0,145000,12000
1,2,1,38,181.6438,4103105,2311875,1874379,437496,187389,1412,161680,561085,88577,19632,273102,124330,2500,0,426560,28111
1,2,1,39,1219.7716,2740789,2407343,1624632,782711,273196,21721,28359,238300,26543,51508,273931,86946,186531,0,286471,151123
1,2,1,39,1972.5819,3033717,1383540,1122305,261236,197831,50674,15660,76104,20537,33090,237804,101313,11797,0,316225,61270
1,2,1,40,1698.2472,4440267,2792256,2019607,772650,127408,58920,122875,291183,115418,58973,191516,148504,91574,0,351481,461753
1,2,1,40,492.7431,5205039,3132441,2195015,937426,126369,10297,53883,156733,358040,269183,234601,331286,110985,0,388325,155312
1,2,1,41,1237.4181,3839412,2253881,1457482,796399,275230,14964,144495,130502,64363,50278,273643,102852,62905,0,183561,154691
1,2,1,43,3873.4636,1311316,1331681,1217056,114625,206257,2522,45942,340553,80926,32807,88497,99440,32354,0,207209,80549
1,2,1,44,1038.8778,6837456,4030839,2508525,1522314,219652,19590,264965,181843,23644,149208,473140,160414,35465,183731,502035,294838
1,2,1,45,102.1911,5136400,3829010,3163720,665290,451168,12050,370300,199670,6770,590400,279300,181510,370430,0,521100,181022
1,2,1,45,6472.3329,3428098,2621652,1856612,765041,180335,60355,98953,202963,43204,72919,396670,168893,11646,0,478382,142290
1,2,1,46,1084.4014,4351492,3592096,2404718,1187378,484541,15840,92573,525135,63885,31639,178524,229073,39359,266758,345333,132058
1,2,1,46,179.7291,10258187,4201021,2541993,1659028,213329,0,675923,150594,0,0,225359,71553,411098,0,689822,104316
1,2,1,46,220.0335,3544616,8319495,7478121,841374,273499,98614,56447,87931,37402,75094,5987150,102765,63658,0,493516,202044
1,2,1,46,472.6463,4067063,1723395,1373262,350133,232139,2296,943,59662,20991,14351,378249,144252,18888,0,378222,123269
1,2,1,46,743.643,3182471,1472236,1004505,467731,74425,51073,37391,148262,0,572,221024,67870,24926,0,329543,49420
1,2,1,47,404.5224,3883413,2881603,2191801,689802,194242,17887,111155,414906,33085,70449,193859,253208,59587,0,610998,232426
1,2,1,48,1578.8227,2570640,1328843,1119511,209331,148964,105941,14971,86635,4941,103478,70348,59318,296795,0,166983,61138
1,2,1,48,890.4959,3405705,2302636,1578965,723671,210215,25003,59732,163676,10780,140640,259122,162734,54097,0,338562,154403
1,2,1,49,1517.8667,1215297,1076104,854876,221228,194827,25605,43929,265395,7900,17093,45938,45407,97920,0,84808,26053
1,2,1,49,420.353,3035005,3025044,1965905,1059139,245847,65162,173535,323963,273449,127742,177116,105138,37105,0,154742,282107
1,2,1,50,1683.2854,5397709,4255885,2532139,1723746,220429,10003,170884,290425,76630,20223,194660,185621,580085,421800,157163,204214
1,2,1,50,2206.4523,2510383,1757193,1400963,356230,392128,99721,13007,101193,46055,59847,90574,16056,16331,0,513846,52205
1,2,1,50,373.3129,2523868,2752725,1990646,762079,320500,801,47949,146547,23008,230073,96179,156125,71620,508981,225880,162982
1,2,1,51,1375.1001,9434783,6919890,1669617,5250273,129121,0,38047,483001,12643,192341,290635,166032,113030,0,103994,140774
1,2,1,51,179.2674,528209,769725,737773,31953,169943,42292,0,210442,1340,110983,19819,71198,15277,0,65213,31265
1,2,1,52,275.9851,5876332,3409321,1545614,1863707,306372,117520,4597,308849,11196,10339,152996,239545,40251,0,214311,139640
1,2,1,52,563.8215,6541134,3885521,2197406,1688115,451648,745,232575,259350,35387,37599,110826,190286,291922,371036,172325,43707
1,2,1,53,3054.8185,4935407,6148751,4561461,1587290,612420,2233,66873,2729487,58297,158154,215190,156832,88727,0,361829,111420
1,2,1,53,359.8064,2366134,2440518,2258448,182070,31349,108656,47639,650027,30619,46165,104455,137525,142956,660496,134500,164061
1,2,1,53,900.0963,938354,774741,627269,147472,78847,73495,41546,55816,7014,48756,159155,49235,17568,0,59570,36267
1,2,1,54,1584.5268,2709918,1958561,1358396,600165,166209,110450,78096,159142,60651,26236,72880,87995,9270,0,442745,144722
1,2,1,54,4260.0132,2516171,1918827,1110876,807951,95729,59950,40645,386142,8441,56690,53816,153001,14920,0,217468,24074
1,2,1,54,4292.9711,2963360,1447396,1332384,115012,174339,83718,61556,460821,32332,3028,93971,126720,12992,0,209243,73664
1,2,1,54,4711.8722,3903247,3480661,2694000,786661,153260,45126,98644,1193590,27942,53194,87131,111813,132661,54016,232590,504033
1,2,1,55,248.9812,2273263,1311328,936856,374473,105726,0,18181,290243,9461,11056,156908,97496,87943,0,54464,105379
1,2,1,55,4309.4269,1478326,1166133,873219,292915,186666,1078,15944,92454,12104,140877,107544,94128,14852,0,79862,127711
1,2,1,56,1385.1763,5938500,5486491,3180961,2305530,228467,1056,83720,241127,340965,190443,432034,171534,56781,426071,808673,200090
1,2,1,56,4309.4269,1780296,1837370,1360884,476486,204573,84980,97094,135956,28882,177561,95578,56671,57478,0,352227,69883
1,2,1,58,1208.1715,3535531,2861250,1942921,918329,237934,116799,108841,189807,19077,19359,129157,266855,110060,299804,278147,167082
1,2,1,58,1743.2336,7634526,6257291,5070616,1186675,429064,4032,627418,250433,537535,543460,896495,141906,141754,1736,357164,1139618
1,2,1,60,1782.516,2500000,894793,655517,239276,147926,5856,66860,80184,14366,2664,155770,83831,11300,0,39108,47649
1,2,1,60,1929.4922,5039841,3036528,1753031,1283497,278705,2280,315855,215751,75322,78322,77198,120644,36405,0,335580,216970
1,2,1,60,3436.3397,2469191,2867966,2132639,735327,562352,106670,124706,271175,25070,186884,176834,161936,84755,0,316323,115934
1,2,1,61,1065.7653,4531686,2743541,2013561,729980,263205,1210,144829,129240,285229,26277,381299,110578,218489,0,301028,152176
1,2,1,61,1549.9496,1474684,1759714,1470160,289555,211149,35705,15733,588483,15802,187939,67321,97610,122519,0,54078,73820
1,2,1,61,328.7804,7229984,6418573,5133729,1284844,437506,56550,273234,424657,1051938,76448,721006,115608,70164,0,338603,1568015
1,2,1,61,53.0643,2882000,1394560,1375140,19420,268000,139000,1000,72500,29800,38600,384500,64930,10200,0,317500,49110
1,2,1,61,586.924,4124782,2436304,1877518,558786,381543,131047,144614,132808,33995,234276,189355,110163,82277,0,167338,270101
1,2,1,62,1032.4183,2338709,2144342,1975801,168541,283275,75664,85394,372599,10644,56540,217346,190325,39890,0,545023,99102
1,2,1,62,994.3346,2487647,1404322,1188823,215500,333870,12280,62053,169920,18043,197488,188936,977,29504,0,57975,117777
1,2,1,63,1128.3442,1312053,4272632,4015541,257092,418854,12205,53779,2599061,348268,210122,109734,33566,48977,0,134737,46238
1,2,1,63,1833.8678,2551012,1621648,1558975,62673,90699,32788,60624,699223,898,3361,95667,119900,22002,0,301387,132426
1,2,1,63,228.0012,1921670,1672814,1558440,114373,645769,7617,18580,309663,2000,70955,229993,79072,11331,0,174464,8997
1,2,1,64,1584.5268,3692693,3757521,1987314,1770207,271358,287,50105,210654,26663,729733,301124,143943,25287,0,141633,86527
1,2,1,64,2151.3681,952824,1712396,1319122,393273,161675,78037,62818,123672,49778,232031,63755,87010,24613,0,386720,49013
1,2,1,64,4451.1013,3352676,1915486,1297864,617623,297852,40500,104577,262760,31194,102706,39585,111546,51078,0,168754,87313
1,2,1,66,1196.3608,2603075,1330354,1250901,79453,185518,20425,48319,187038,227454,188185,118066,99467,23662,0,91851,60916
1,2,1,66,496.6911,1961383,4776855,4119751,657104,198367,1123,78117,69477,23165,40348,3425310,69164,66623,0,63144,84912
1,2,1,67,238.0324,814835,537577,344389,193187,60985,0,30939,134476,751,69782,0,37873,2500,0,0,7083
1,2,1,68,1386.7602,3444974,2311044,1810984,500060,401703,34217,93539,116650,207164,267880,60962,17264,44184,48089,201723,317608
1,2,1,68,1530.3535,1727201,1529907,1142622,387285,291013,15912,11189,295695,47054,125027,112288,65941,37307,0,74271,66924
1,2,1,68,1566.1321,2233071,1738682,1516511,222171,322787,13121,137714,557909,107392,126530,46679,29185,44769,0,54949,75476
1,2,1,69,3184.1593,3470615,3725234,3342841,382393,308461,454,17511,2697053,3229,172195,47919,22956,6482,0,16089,50494
1,2,1,69,707.5979,652720,846325,815782,30543,183845,1372,4743,288580,15583,65626,100412,48535,39470,0,40055,27561
1,2,1,70,327.0473,2455843,1699564,1130811,568753,210580,10184,6115,184975,119679,177359,84459,39623,105125,0,72299,120413
1,2,1,70,4276.5176,483698,495606,329879,165727,95220,403,6827,71361,5421,32601,67838,6872,12664,0,17369,13301
1,2,1,74,1189.8775,1049492,868576,771495,97080,134337,6421,8865,149330,22551,175741,111801,37153,26799,0,58198,40300
1,2,1,75,7028.0306,1813615,564718,417069,147649,134846,21607,3877,91580,9488,27024,50000,50177,2500,0,6769,19200
1,2,2,31,2048.1533,1755014,1484318,1222717,261601,96743,19103,141805,206547,75221,16388,80411,169498,49183,0,229752,138067
1,2,2,35,1007.9334,5006771,2120357,1182039,938318,188962,0,165606,111209,28790,127609,72606,68026,73580,0,154011,191639
1,2,2,36,640.0944,2836168,3171574,3047287,124287,285625,0,503968,181947,29570,63443,207959,91631,153477,947862,392591,189215
1,2,2,37,2212.6623,656758,1005110,893716,111394,178326,30840,5311,309626,4831,3118,158795,94165,46799,0,17034,44873
1,2,2,42,746.5061,2333169,1611945,1417444,194501,298111,22311,111971,92378,6036,33261,67890,69871,79498,235617,279572,120929
1,2,2,43,1804.7246,2478213,2488663,2113643,375020,242662,589,252227,166132,82655,69785,150334,126297,156078,338803,274131,253948
1,2,2,44,607.2956,2932604,3054045,2121004,933041,216098,14875,112055,196349,71785,148083,204416,213332,47578,618656,181076,96701
1,2,2,46,1006.3582,2364858,2304311,2282794,21517,266939,3523,212716,537445,80650,25527,173242,181949,47396,356017,215418,181972
1,2,2,48,269.2222,2016901,1549364,1394285,155079,347245,3834,86911,233293,48834,5377,106498,154350,30819,0,183596,193529
1,2,2,48,555.0003,1818296,2003249,1723311,279938,191725,1153,66875,97282,11531,599654,74309,192128,19201,285873,84572,99007
1,2,2,50,1841.152,2992521,1588142,1025384,562759,140342,0,63974,92904,142965,89036,63712,98604,23645,0,221702,88501
1,2,2,50,855.1709,3065909,3205888,2408516,797372,196565,29903,41534,785019,22387,29623,77771,103032,25455,921698,96442,79089
1,2,2,51,1074.8362,2932565,3495081,3178902,316179,336670,76900,180223,549497,97085,390128,710773,133021,412321,0,225484,66798
1,2,2,52,1221.3761,1711486,3231355,2915363,315991,233191,25444,488590,302394,159615,108354,256929,224309,107879,443582,390884,174192
1,2,2,54,1265.9185,2007306,1591401,1478603,112798,199016,19730,70149,404559,7417,242046,35985,45462,19153,0,366830,68257
1,2,2,56,220.4521,5990969,2595924,1761534,834390,354990,5161,126259,252340,41886,59397,204941,152442,53189,0,296982,213948
1,2,2,57,1284.0531,2570873,1916211,1396169,520042,152902,8349,54107,803761,3977,145611,89046,28146,12709,0,19632,77929
1,2,2,57,652.1986,3687732,2034471,1233288,801183,147578,368,83403,32793,24979,111250,101200,169157,53184,38587,262002,208788
1,2,2,58,1626.9725,2171947,2453631,1747338,706293,376331,1507,16824,228839,29518,365598,105973,98572,120964,0,152333,250881
1,2,2,58,1952.6883,1749279,1092396,921786,170610,468287,0,25991,117725,19369,8002,28478,46504,21410,0,116314,69705
1,2,2,58,355.6868,1390104,931954,866344,65610,272931,46756,38740,233070,20120,0,62025,52000,25731,0,25496,89475
1,2,2,58,725.9989,1676886,873407,681428,191979,205800,14350,19073,125322,2472,61434,102102,51623,14408,0,21277,63567
1,2,2,59,1437.2609,2164802,1798784,1524086,274698,495103,58016,33758,73497,84285,54609,350978,66857,36503,0,240063,30416
1,2,2,59,1676.74,1849199,983138,859792,123346,133602,1024,34625,129215,16449,36256,164726,25249,19492,0,203072,96081
1,2,2,60,1277.3333,1502325,1043224,685781,357442,279264,1244,27639,123757,50491,105701,22353,6426,14147,0,32442,22317
1,2,2,62,352.2364,1260000,758930,618930,140000,358440,3450,21000,110420,0,0,32000,27500,26120,0,35000,5000
1,2,2,62,957.3107,1298781,1382448,1161780,220668,283154,1733,36781,283342,131173,151340,113289,30552,31464,0,23926,75027
1,2,2,63,316.761,2094888,1725775,1502727,223047,318409,10447,272074,39460,30557,90195,78555,165368,89375,0,255217,153071
1,2,2,65,1001.3016,2010809,1053969,843598,210371,207144,28463,4355,198122,12447,84473,16876,70085,20057,0,72105,129471
1,2,2,67,1001.3016,1121044,1342919,1276258,66661,226975,1750,95122,264908,161995,239733,53347,77226,38778,0,79598,36827
1,3,1,27,855.4017,3053273,2925969,2459736,466233,332293,3308,222313,220028,276726,240389,210365,185868,90934,13322,263851,400339
1,3,1,28,2049.5798,3095734,1818098,1472388,345709,196968,8819,42532,128682,222729,48977,214610,219881,65095,0,257291,66804
1,3,1,30,7113.114,5914169,4104438,3105635,998803,302810,16783,782901,192813,249469,235891,229271,154053,116610,0,288063,536972
1,3,1,30,802.9544,2518685,2278898,2139042,139856,282785,9183,277792,349086,121034,205514,163485,100041,101022,0,407557,121544
1,3,1,30,875.2855,1999795,2024071,1633858,390213,173661,30313,55902,197684,268811,116126,302395,103177,33793,0,185013,166984
1,3,1,31,1007.4799,6116597,5979482,5048305,931177,572604,3006,248096,199698,313020,145662,2246636,190488,81451,0,480895,566749
1,3,1,31,1205.3886,5136847,3068826,2318404,750423,180972,48147,153219,755978,59707,207014,132181,145373,210757,8301,267520,149235
1,3,1,31,1528.268,2347458,1611597,1599088,12509,319357,153006,37891,451355,13871,13647,4992,119206,205225,0,241051,39490
1,3,1,31,3009.3947,6782482,3616918,2563657,1053260,318385,1844,69507,139641,133039,531440,168442,94921,94565,22034,390891,598948
1,3,1,31,3073.5236,6993510,4756329,3649843,1106487,425170,16135,310740,207032,91798,289147,335279,163373,315479,119965,734063,641663
1,3,1,31,666.1219,3881734,2756961,2092720,664241,167593,28687,304184,441438,9901,93394,120443,200130,193378,0,185132,348440
1,3,1,32,1775.096,3521626,3109070,2404676,704394,281923,13632,168165,129488,106986,69501,238272,144805,253711,282930,398687,316577
1,3,1,32,6591.2776,4199690,2906854,2245311,661543,222246,8810,182543,172521,235519,261547,205011,161424,100940,134459,279837,280454
1,3,1,32,799.6981,2614832,2943850,2529584,414266,421238,8658,111539,147626,69486,982892,183704,149525,66445,0,191549,196923
1,3,1,33,1449.8588,3837204,2431942,1608760,823182,346077,72638,64073,157870,183598,43821,217044,150908,51576,66684,150130,104340
1,3,1,33,1661.8621,6299335,2442333,1375326,1067008,172861,132,356415,149982,21203,51418,188740,64710,29451,0,204599,135815
1,3,1,33,355.1176,2305028,2388529,2110595,277935,199019,83227,44578,462269,23802,12821,103206,108448,436505,0,207977,428744
1,3,1,33,500.8174,2611154,1845182,1419332,425850,183080,59413,177335,191217,13949,69959,161511,133022,75565,0,261675,92606
1,3,1,33,5139.1296,2494563,2080426,1467054,613372,206008,1098,87132,142217,27741,192659,200640,112492,117752,0,267721,111592
1,3,1,33,837.5006,2945227,2073808,1510016,563792,313919,0,49013,297912,80663,118644,118957,114836,23637,0,240639,151797
1,3,1,34,1897.9627,4105234,3362348,2396905,965443,393471,37305,208620,152535,105381,236015,183163,104105,204477,41031,520351,210452
1,3,1,34,3856.1842,4405111,3527575,3065162,462413,272677,8600,136013,1394274,66233,114356,261440,114471,128574,57686,339645,171193
1,3,1,34,407.1618,3885265,3870970,2411088,1459883,331141,129585,166926,176302,120056,80223,490049,86980,161621,0,363142,305064
1,3,1,34,575.06,5110050,2099549,1286931,812618,162026,0,26919,227589,51831,0,156270,117914,137138,0,338082,69163
1,3,1,34,808.2118,6251483,3195821,1751524,1444297,220391,15164,96477,172616,51337,59451,353511,134895,86845,139871,246272,174694
1,3,1,35,2462.4095,5849144,4456922,3629044,827878,340677,15017,641469,182057,441215,69990,313389,175700,295165,161102,483752,509510
1,3,1,35,3856.1842,5612103,3094902,2127553,967349,327169,14106,205150,197972,148098,73799,282331,197364,219205,8310,238329,215720
1,3,1,35,4306.1467,4247154,2248913,1744934,503979,230878,357,188331,364040,108931,46831,346448,80974,32961,0,206024,139159
1,3,1,35,6738.7214,9275220,4310103,3004219,1305884,201769,2583,211591,289291,165018,303160,548268,226286,424666,0,379141,252446
1,3,1,36,1118.5814,5179584,5098453,4164674,933779,355363,82255,261063,1394574,316254,366210,381514,86958,97686,29628,358567,434602
1,3,1,36,1618.5981,3334296,1850193,1335279,514914,219123,79171,38616,116514,117679,65124,115183,46853,8342,0,470842,57831
1,3,1,36,3284.7956,4820213,4243118,3064651,1178467,461314,23407,142621,257691,184057,519262,490124,202873,144689,66328,326981,245305
1,3,1,36,585.4552,3065461,2989749,2696602,293147,318572,65873,43995,356477,103245,212136,408190,116624,505908,0,430601,134982
1,3,1,36,786.7501,4812919,4410978,3678429,732549,243060,8304,206334,303027,60520,1171250,353193,176843,140290,200762,611472,203373
1,3,1,37,176.3632,2296550,2826225,2399355,426870,194350,0,521700,195440,200,57700,552000,167600,91400,0,254100,364865
1,3,1,37,72.8313,4158000,3434460,2638570,795890,161290,0,204000,358020,44600,138200,126500,96320,1046900,0,319200,143540
1,3,1,38,3493.7524,4142775,2230924,1428238,802685,241428,15477,69399,137123,95111,43210,241376,140470,22894,0,202785,218965
1,3,1,38,3744.2081,4895372,3117805,2708124,409681,321883,11934,301373,160783,30853,60855,287971,152175,112033,405955,344091,518218
1,3,1,38,534.3798,2064750,1292213,1139219,152994,248727,442,141041,101919,20876,58589,125147,59567,21705,0,294154,67050
1,3,1,38,979.9107,9576396,3786833,2621337,1165496,71891,0,84570,273725,3290,198510,633950,108642,199874,0,110972,935911
1,3,1,39,2469.2286,3315519,2403043,1633520,769523,139202,2972,121165,143486,144993,20054,233334,209371,54003,301077,185140,78723
1,3,1,39,743.8653,7274044,3510357,2318946,1191411,252306,622,131706,232721,27810,123038,438066,157317,101395,473380,229799,150786
1,3,1,40,1192.7658,2602357,2752689,2299103,453586,388232,44012,117357,159227,60169,98874,371210,131394,447582,2901,324638,153507
1,3,1,40,3856.1842,5516194,4754291,3803053,951239,562500,84843,339190,728079,87244,85942,386101,119751,366756,252571,450588,339488
1,3,1,41,2087.9022,1973961,1806027,1618187,187839,408178,27147,48350,130730,13760,107226,280623,132481,22505,0,360848,86339
1,3,1,41,5139.1296,4266405,4099446,3409201,690245,495841,9763,276912,363676,226436,48627,228779,129415,147832,613888,713598,154434
1,3,1,42,1412.1242,4415946,3480311,2140410,1339901,609347,11125,254557,131531,44158,30234,110643,161770,40973,431888,133261,180923
1,3,1,42,2257.0222,4214843,3377508,2754487,623022,281836,16683,131154,232400,310635,106210,206290,108467,113328,396986,655057,195442
1,3,1,42,785.5031,6822161,7283976,5518303,1765673,561097,83185,455253,278040,1839701,263073,672932,226133,80185,77876,677413,303416
1,3,1,43,1415.68,5853998,6572970,5111185,1461785,443343,60408,135714,1362325,278270,207135,1154555,97382,186686,741842,275437,168088
1,3,1,43,3472.659,2680000,1876654,1438816,437839,287450,116912,35235,81513,17838,59391,69045,179543,47904,0,519035,24949
1,3,1,43,4638.8515,3067081,2085983,1783922,302061,261768,23005,148985,125728,91026,67202,81052,206442,85317,339736,138169,215493
1,3,1,43,5101.1716,6029681,4522222,3060283,1461940,306533,28030,136894,186305,50279,15160,705239,176693,134463,636924,441600,242162
1,3,1,43,907.8558,2257488,1321537,1072212,249325,255024,4929,138367,68064,179335,59354,90595,43758,13613,0,166769,52403
1,3,1,43,916.5697,2072376,2269966,1991647,278320,285836,33353,33678,66351,109865,408600,67801,115983,27309,344707,463702,34462
1,3,1,44,1628.3392,5718402,2917238,2242510,674727,477207,9939,129601,94287,42128,118693,198885,108159,44361,502791,442307,74151
1,3,1,44,507.1373,5350137,3640735,2134030,1506704,113067,152881,99619,148110,7120,173011,195017,150717,350001,394348,171393,178748
1,3,1,45,1420.6034,3039393,2369195,1883475,485720,274235,189604,201320,62322,8613,40249,470069,155220,52173,0,346879,82791
1,3,1,45,1447.9411,5429296,4665678,2981148,1684530,574010,9095,98672,177906,46044,64186,403601,262438,183757,541244,391467,228728
1,3,1,45,299.1284,9480000,5622034,2854724,2767310,387030,0,314000,237990,127080,25900,100000,277730,182000,0,223000,979994
1,3,1,45,416.4045,8275701,5309137,3797281,1511856,437202,55328,90180,342369,79121,654050,484748,119688,69729,719766,423053,322049
1,3,1,45,695.0067,3852006,2976187,2424177,552011,708963,16331,124384,298982,110880,114905,241696,74421,73133,151330,316538,192616
1,3,1,46,1772.1136,2516744,2564445,2153389,411056,193492,19373,132685,329901,24233,116421,197474,151919,179477,179791,490848,137775
1,3,1,46,397.1158,8558855,4353827,2844885,1508942,351172,908,119685,117255,136864,76477,691166,139957,35060,458771,487181,230389
1,3,1,48,1283.2214,20435787,12140851,6982839,5158013,841956,0,388710,196062,1196176,40919,383737,258560,901651,1373377,757060,644631
1,3,1,48,1424.0547,10998226,8522159,5483930,3038229,431911,34121,245735,209648,77938,620978,1809460,212593,265084,355012,714589,506862
1,3,1,48,1466.0672,6730644,5911284,3128423,2782861,371323,7656,115189,519890,22516,561220,281841,215924,103015,443771,273911,212167
1,3,1,48,582.2004,2125757,2966443,2926483,39960,222162,0,39113,169493,17881,789465,281612,182473,547123,200000,434232,42928
1,3,1,48,5871.8501,3169534,3271944,3042332,229611,631880,1814,263569,667764,88151,282217,51127,243811,50570,314151,246832,200446
1,3,1,50,1298.3081,2919184,1698959,1472577,226382,234501,39677,33562,122359,52959,22525,108498,178671,42199,300000,229899,107726
1,3,1,50,2156.6688,13519718,16784792,12229163,4555629,621924,14082,493076,260646,177964,1234014,6821737,181973,503770,615803,534601,769573
1,3,1,51,2390.2765,4071682,3332837,2408089,924748,314888,6247,100204,160110,24590,230736,382089,129337,199639,555500,230769,73979
1,3,1,52,1447.9411,6940124,3677961,2363531,1314430,140171,77313,54674,285354,8018,60061,311031,242233,355672,0,576759,252245
1,3,1,52,1648.4511,6100925,4110423,2718229,1392193,590762,8468,229468,467782,49284,212477,154556,185067,60199,299013,181936,279218
1,3,1,53,5865.8713,5924547,4474649,3536820,937830,482059,29427,412646,185556,37735,19439,209623,167466,157283,1187065,461081,187442
1,3,1,54,1871.8387,6164023,6412990,4205114,2207877,302104,86209,276810,200634,43335,139275,306074,184479,749178,656611,722220,538185
1,3,1,54,335.365,5840004,6315902,4185993,2129909,873967,17440,230128,143198,43766,551782,479351,184314,59289,601133,622931,378694
1,3,1,54,5101.1716,2951140,3721562,3373047,348515,186114,24580,217685,174560,34331,28617,1852119,213399,205962,114901,137693,183087
1,3,1,55,3440.4034,7943998,3384208,2179872,1204336,431058,24868,244552,302158,125056,112973,242597,182556,14186,0,255279,244590
1,3,1,56,1396.1773,3782939,3873145,2839734,1033411,367951,13148,418628,233997,48205,68476,342353,261224,250354,14326,561106,259965
1,3,1,56,1776.5424,7302366,4863496,2523824,2339673,187377,250,196013,236379,81602,99289,318977,181275,72974,627895,390285,131508
1,3,1,56,2150.9116,2986318,1344765,1182096,162669,116040,63575,66697,212089,843,15268,180535,104031,19583,0,358811,44624
1,3,1,57,1278.0978,9900755,5961699,4194689,1767010,452021,4747,703262,277943,161596,100471,183365,198600,300344,266924,629923,915494
1,3,1,57,841.1592,1543239,1757011,1633392,123619,203928,4948,37982,572368,28885,15996,99911,213904,183200,0,232212,40057
1,3,1,58,1619.7695,6603418,5030440,3780304,1250136,357393,1503,767629,274744,129985,130090,678230,196196,39019,278723,638117,288676
1,3,1,58,2914.0879,5854884,2871217,1871173,1000044,177354,138350,99059,303122,26818,60805,280361,189261,49932,0,344802,201308
1,3,1,58,488.8506,5108776,2650175,2087544,562631,461800,16691,182560,172875,24156,153304,269902,125865,76696,177235,255332,171128
1,3,1,60,663.9625,5657544,3970540,3118063,852477,392890,84844,80472,555473,45280,342761,523595,170904,69400,0,759645,92800
1,3,1,62,3244.3354,5172047,2316945,1668199,648746,422860,3400,272993,156526,21004,108558,126357,94558,31531,52337,259656,118421
1,3,1,65,922.7709,1538719,1127459,901194,226265,234845,91458,15231,112064,5629,177562,48561,34284,11826,0,61338,108395
1,3,1,66,1899.5721,2600491,2306230,2087948,218282,375132,6952,107329,47316,164602,772045,60229,32265,17623,0,470905,33550
1,3,1,69,1082.6337,3586156,1768750,1625281,143469,178809,14038,63915,119472,72015,526806,170698,121660,17999,0,150327,189541
1,3,1,69,1605.852,4753004,4997333,2894332,2103001,395697,0,670454,203452,116437,292706,178041,336070,55601,0,521454,124420
1,3,1,70,945.6431,5574803,2279053,1908540,370513,331484,31052,180338,171074,31384,52442,242360,154515,39514,0,554049,120329
1,3,1,71,1548.1713,2356928,2220883,2024542,196341,321671,78103,152514,215918,302977,214698,147505,76538,23612,49368,301708,139932
1,3,1,74,495.8384,1948731,819625,743092,76533,122440,3732,416,292898,41574,88606,9359,8832,38984,0,105080,31170
1,3,2,26,4246.7531,2686824,2251507,1875210,376297,257821,118922,197919,107176,21361,73285,141142,293643,117642,0,404684,141615
1,3,2,35,6171.5195,6564107,4706410,3282867,1423543,658820,1667,147018,571496,29915,129838,467974,160535,211044,416781,261088,226689
1,3,2,37,586.3785,1989859,1503773,1194369,309404,136079,8606,120714,94341,28802,76650,100652,158808,24840,123286,244914,76677
1,3,2,39,1548.1713,4063635,3044162,2609387,434775,396412,12896,188732,225031,8740,52187,231365,239317,90679,431567,542681,189778
1,3,2,40,725.6106,1275827,1299439,1136128,163312,296087,0,120063,238673,21744,30143,2656,84405,36252,113842,131759,60505
1,3,2,42,2209.7376,2150563,1891252,1314571,576681,213745,131,63921,134316,78099,46700,76309,76965,78169,174925,97599,273692
1,3,2,42,5908.7077,2716729,3297961,2832437,465524,371358,0,338015,203269,9445,19334,102676,252308,145951,882307,315882,191891
1,3,2,43,81.572,1382230,1149110,878380,270730,267760,0,111900,152830,30520,0,60000,85870,93500,0,36000,40000
1,3,2,45,1905.2442,1652391,1125661,986364,139297,90103,1373,72859,359601,53219,50372,66771,101986,49665,0,90270,50145
1,3,2,45,874.4065,7898596,5107063,3579043,1528020,343404,0,540475,119207,296393,20630,364030,188430,182115,620076,564748,339535
1,3,2,46,207.458,1764085,2395254,2229848,165405,196078,66123,6367,503326,39251,816340,165511,159523,46822,0,133633,96876
1,3,2,48,491.3669,3707900,2711744,2595479,116265,766246,0,236643,530772,153273,20989,107071,158558,52624,0,278792,290511
1,3,2,48,659.8461,2529345,1845992,1587954,258038,183266,0,76287,266694,58180,237846,37019,110822,415016,0,87454,115368
1,3,2,50,1605.852,3803076,2150681,1512346,638335,206878,0,131592,147359,56658,51130,153393,137881,75285,88393,389222,74556
1,3,2,51,507.7125,2453272,1519748,1297540,222209,276128,1336,123101,177431,32518,45891,72985,115755,38131,0,274488,139774
1,3,2,51,537.4456,3291837,2661888,2168605,493283,459910,531,145842,97404,51044,34666,193939,129109,120720,429737,331878,173824
1,3,2,58,854.2521,1329928,1201161,855885,345276,133509,0,25738,185790,16489,174542,24064,70512,14129,110443,22339,78331
1,3,2,65,1615.957,2314631,2141170,1833368,307802,176396,58164,179943,408170,53629,207196,113414,136307,32212,0,337373,130564
1,3,2,66,3691.108,2808099,2161325,1748811,412514,284929,2901,43894,201327,13599,58400,196803,80050,73229,0,272556,521124
1,3,2,66,3778.444,1493510,1186577,767993,418583,331445,2219,18262,131080,27671,68859,24953,31486,17841,0,68236,45942
1,3,2,68,1332.1747,1905908,1183477,978383,205094,214369,0,25632,379179,3208,0,117319,99741,36698,0,61258,40978
1,4,1,29,1172.1959,2409665,1623654,1499194,124459,116397,168187,36261,374561,31033,31048,40806,248538,61620,0,361333,29410
1,4,1,30,1182.9653,3922887,2913373,2275165,638209,462743,34682,192819,175563,95890,156273,134003,151578,283860,21419,212104,354232
1,4,1,30,1438.4871,8783636,7716425,7148588,567837,338200,39396,156808,887975,193390,750961,3228457,227368,392431,128983,452449,352170
1,4,1,32,1447.1024,3861392,3055345,2420515,634830,322467,49786,130703,206764,50260,462126,278230,134258,169841,10283,263436,342360
1,4,1,32,309.8081,4500567,1848082,1282243,565839,96949,4028,106035,196400,16176,6673,300411,201969,5252,0,246735,101614
1,4,1,32,681.6999,3210320,3708610,3219081,489529,551501,15628,303724,139976,435892,236707,363713,199722,271140,0,406205,294873
1,4,1,32,736.9464,2145948,2552788,2251862,300926,194581,68764,43760,205840,281491,421192,261031,270875,15212,0,336177,152939
1,4,1,33,1266.7358,4886580,6770464,5840381,930082,348375,32323,268985,222315,35739,45627,3207509,209889,162375,456065,564821,286359
1,4,1,33,1447.1024,6016546,4649053,3317894,1331159,345345,133822,131379,161074,84894,191690,903269,153942,284779,161976,473340,292385
1,4,1,33,3752.7638,4555499,3876866,3336870,539996,521811,10599,401172,251910,111206,301998,208706,194076,153835,0,640692,540864
1,4,1,34,1215.0682,4388405,3112380,2343540,768840,256423,15488,116734,225736,51344,189397,140159,237571,76437,104352,689443,240456
1,4,1,34,2785.9457,2842909,2025107,1772174,252933,232724,3334,120164,366362,50353,23233,92964,131110,118486,283439,273017,76987
1,4,1,34,490.7042,2477681,2616974,2238365,378609,347712,34393,155266,193137,63073,39645,164956,171422,136594,494657,303005,134506
1,4,1,35,1379.9837,5693597,7294259,6013012,1281247,436851,5388,220847,225141,204028,74545,3766900,121922,145016,355154,284719,172502
1,4,1,35,1776.5351,2647791,2902944,2504676,398268,331819,23677,290493,242033,142077,81147,160224,162876,156400,283368,564455,66106
1,4,1,35,2217.3869,6422784,3375734,2477703,898031,337087,33859,146978,363648,160211,225894,157312,247569,41633,446000,229864,87648
1,4,1,35,224.0358,1900833,3553695,2956470,597225,269110,75000,257800,853260,5940,80700,282970,135600,148950,0,559810,287330
1,4,1,35,235.233,4150900,3520231,2761351,758880,335430,119300,51600,176700,32300,24400,492780,288120,67000,100000,853450,220271
1,4,1,35,269.2153,3969801,3276384,2570629,705756,285236,154337,381681,512665,25605,10180,49131,120605,90389,155602,555348,229850
1,4,1,35,527.6416,6252926,4908589,3715508,1193081,535422,58578,501832,403973,147023,209775,197247,100592,119940,736445,439179,265502
1,4,1,36,234.9249,4026826,3800253,3046925,753328,262130,21949,356010,335932,22478,334562,438015,199123,188940,351343,245253,291191
1,4,1,36,2496.863,4692313,4640702,3537234,1103467,287252,11677,154631,270487,90737,66187,514154,244073,322395,700333,437770,437540
1,4,1,36,3030.7271,5658625,3839477,2885747,953731,334296,5265,281896,258092,69616,169153,436159,128740,137240,450274,196806,418210
1,4,1,36,5866.5238,2652028,2499409,2067060,432349,269340,15701,100174,351631,24006,78088,218113,153502,126692,410840,191331,127642
1,4,1,37,1167.7795,3484707,2819814,2220543,599271,314594,2826,107728,163685,38918,13323,292042,636246,27041,413793,135443,74904
1,4,1,37,2785.0488,4399075,3893028,3211753,681275,522294,5873,690806,269376,240543,152781,174902,141522,320527,62683,181269,449179
1,4,1,37,558.4362,1545439,1882554,1652806,229748,221641,909,40263,154218,121854,392484,200360,160750,31985,18187,192898,117256
1,4,1,37,886.9025,3471758,1817516,1440214,377302,206937,25237,184632,200000,45134,55426,275898,100007,127237,0,80290,139415
1,4,1,38,1447.1024,6965641,3689972,2283818,1406154,172343,99851,163568,201931,81549,339724,435062,119874,52488,19321,480338,117771
1,4,1,38,1447.1024,7574715,4851290,3321636,1529655,449984,51195,368737,176633,186393,129111,260343,121240,480087,355651,449523,292737
1,4,1,38,1462.0275,3012741,1544918,1153410,391509,263722,1546,29985,282647,16395,57087,130506,159184,37053,106657,46668,21959
1,4,1,38,3111.7797,4295935,3982804,3154102,828702,350128,3760,140728,667068,206869,246345,330198,251481,350223,7061,257871,342370
1,4,1,38,372.9716,2914915,2043302,1773430,269872,162701,60585,0,221463,11155,0,174949,188928,21532,403000,334363,194754
1,4,1,38,373.7244,5240507,17541116,15816563,1724553,318974,55696,389307,176026,45526,26731,13062384,164078,149722,426145,576811,425162
1,4,1,38,6940.9879,2820262,1811794,1403666,408128,254957,20150,28166,183635,65966,36250,190587,101628,76531,98128,213927,133743
1,4,1,39,202.418,977500,1331462,1282252,49210,161390,2400,20000,323662,22700,12300,160000,169000,11400,150000,152500,96900
1,4,1,39,2414.9692,3312218,2318799,2120677,198122,106121,0,128507,1154537,13140,4397,60575,87889,66145,280562,165278,53525
1,4,1,39,3212.9577,5671610,6930681,5872598,1058083,351705,6008,147908,121787,57756,142094,3821640,150589,150111,218322,492229,212449
1,4,1,39,3283.5109,3801547,3505799,2911654,594145,403179,3098,237498,167339,18669,77676,248359,154754,137347,984492,297525,181717
1,4,1,39,3283.5109,3994843,3377325,2735698,641627,553844,7306,328406,161261,86792,83602,195103,195540,90118,314565,382050,337111
1,4,1,39,3689.1644,4188114,4121064,3199859,921205,332552,2941,242214,162110,213991,223533,381466,146260,163142,815755,297027,218867
1,4,1,39,428.3172,5345394,3615503,2546424,1069080,605671,107209,113000,122056,76081,29719,208597,164602,84901,300000,540834,193753
1,4,1,39,4996.2085,6069490,4641475,3054466,1587009,362687,1552,252809,290382,61505,297138,340631,172853,214179,347483,468022,245226
1,4,1,39,60.5557,3971600,8649962,7810662,839300,458716,3600,253300,737020,3506480,0,1704400,104010,61100,398000,471000,113036
1,4,1,39,727.308,4830559,3890037,2865078,1024959,442154,672,271645,125019,86678,64156,162287,162698,400825,485659,467310,195975
1,4,1,40,1405.8393,2731748,1812540,1605394,207146,267865,74924,54285,228858,277692,57316,339780,112546,16266,0,108861,67001
1,4,1,40,2335.6519,4192856,3403074,2731206,671868,323675,33336,167110,347562,227071,32491,218344,226357,65995,197716,720633,170917
1,4,1,40,250.4264,5433700,3351125,2459925,891200,330920,0,163450,216780,30,62700,328250,200262,25191,738000,265260,129082
1,4,1,40,415.2964,2268310,1355890,1130111,225780,201998,2113,17160,245509,4247,34530,71966,80891,30673,219347,38591,183085
1,4,1,40,422.1529,5952373,4163668,2860500,1303168,538781,14885,113083,188047,99933,84499,279206,115775,285499,535542,269307,335943
1,4,1,40,4574.6634,6202236,4920878,4022618,898260,491557,10363,290793,295252,365000,150798,302309,159106,326995,961122,379679,289645
1,4,1,40,6829.8934,5080433,4604292,3915243,689049,393132,120798,157271,269075,139796,339135,436945,147573,581602,202984,678863,448068
1,4,1,41,1186.5309,5349050,4713451,4304401,409050,360197,55918,26120,107141,130661,185550,2035961,176197,40824,131443,737564,316826
1,4,1,41,1426.5114,4009343,2925858,2299525,626333,277665,36515,100564,203177,324070,40261,264091,119776,110069,355920,315936,151480
1,4,1,41,1838.4599,3950320,3962704,3120691,842012,326969,88620,382828,203882,31139,67218,307303,174476,140926,664068,512749,220514
1,4,1,41,2529.433,7572842,6166419,4387944,1778475,371961,68694,245297,517424,604883,370785,225959,223135,101488,546364,671687,440267
1,4,1,41,3316.0176,3800107,3710682,2690877,1019805,416731,60775,149510,194032,26745,150676,210344,118789,229671,534246,432424,166932
1,4,1,41,3684.4332,3620396,3596573,2665909,930665,477094,22272,141232,189918,28443,244568,183250,253667,185123,532071,262399,145871
1,4,1,41,514.0638,6438888,7065450,5874731,1190719,424912,135407,442910,291409,23607,2119378,402160,383578,373768,197297,855902,224404
1,4,1,41,973.0388,6710167,4950671,3953389,997282,441796,10891,390385,308017,255989,244451,315194,243068,393948,673643,440992,235019
1,4,1,42,1182.9653,5758304,3704076,2790461,913615,490265,35923,267960,182141,134127,99514,206136,128649,86435,383047,497152,279114
1,4,1,42,1426.5114,6127551,5963958,4340794,1623164,674573,43336,125153,321523,190575,1128445,412889,259502,174650,150665,552811,306672
1,4,1,42,1830.7922,5107333,3918400,2960993,957406,357927,9656,222500,306484,28792,54780,413842,111108,86622,673187,462762,233333
1,4,1,42,2749.6093,5929064,3887286,3184957,702328,429685,108947,307593,374596,168261,71980,163404,197239,111215,434929,466150,350956
1,4,1,42,794.8449,3285960,2823440,2024335,799105,388698,17624,56659,185744,242713,48510,192894,141013,38376,471985,177153,62967
1,4,1,43,2150.0431,1820485,2280825,2149294,131531,255745,24208,98051,117070,96020,54769,274676,179723,126418,442878,335510,144226
1,4,1,43,2529.433,9416832,7172301,4663107,2509193,524410,58825,313046,377661,104022,114006,339681,164281,245074,1179449,984006,258649
1,4,1,43,329.4335,3352788,2947203,2361037,586165,387694,0,223366,260533,41650,151826,187280,173388,140195,454264,261513,79327
1,4,1,43,3558.3687,5712684,6345149,5455366,889783,554311,81676,361239,237439,125628,488011,439396,212774,318833,1440497,784966,410596
1,4,1,43,707.8934,4815582,3991700,3204661,787039,256118,108827,154201,293291,405500,13929,517319,137094,154191,478043,353680,332470
1,4,1,43,802.4023,1476506,1643099,1496338,146761,257542,5443,146089,149153,60572,173665,117154,103585,74720,77828,256409,74177
1,4,1,43,983.4222,5849909,4322433,2720696,1601736,905956,30446,67607,231761,64023,201309,126103,89020,132526,254376,416089,201480
1,4,1,44,1569.8918,5402586,4231708,3112973,1118734,667362,9423,159558,313973,176097,116308,266494,166162,156512,355338,445167,280579
1,4,1,44,2160.6808,3256986,2295544,1663870,631674,106015,514,26739,279059,158509,130801,599666,127515,73377,24111,43850,93716
1,4,1,44,2160.6808,8417945,6320506,4589831,1730676,516067,377,411379,270886,103600,326689,522242,263855,488628,757936,485815,442357
1,4,1,44,2577.5291,3160516,2984170,2465690,518480,317140,32599,155562,108521,76879,179124,193341,226246,89261,578853,279505,228658
1,4,1,44,3036.0808,3783371,3335167,2503074,832093,316029,7464,155707,262628,139202,398646,107410,173242,203523,323491,189560,226174
1,4,1,44,4570.6801,5612416,4037290,2738188,1299102,428684,0,46787,228220,2596,56344,62807,108681,760202,720721,220093,103053
1,4,1,45,1382.6104,7058885,8562788,6531280,2031508,237770,7632,346214,265981,95394,21588,3096668,247880,194863,1007206,743177,266906
1,4,1,45,1426.5114,5729338,3594445,2471526,1122920,369906,995,135697,186454,30524,69086,469851,159148,252050,271282,328608,197924
1,4,1,45,1488.1376,5286879,3588516,3008353,580163,201867,96389,126644,239723,13705,52441,470295,277588,129201,473797,699016,227686
1,4,1,45,1658.8486,4327915,4074671,3101994,972676,337896,1685,147034,263827,44372,40062,467203,215712,88312,904224,320066,271601
1,4,1,45,2400.1313,4374247,4887564,4138972,748592,551353,35031,744443,157615,52469,134416,204074,164043,205206,951943,617079,321298
1,4,1,45,2410.8575,8325518,4380115,3630032,750083,288407,94550,198323,254728,60777,214507,346990,201022,658192,135897,626225,550414
1,4,1,45,2749.6093,4413329,4199444,3350431,849013,555225,50401,288284,152081,108162,81619,366887,266223,123422,722451,432702,202973
1,4,1,45,3166.3598,4968173,4891936,3932627,959309,174640,9624,182024,161633,39981,787176,479987,180189,130090,1150718,529428,107136
1,4,1,45,3558.3687,8065741,5534956,4163184,1371771,403891,31158,187906,271939,179762,33298,371953,197411,434485,906181,852703,292497
1,4,1,45,861.3695,19932526,7862448,3348290,4514158,274704,0,349993,376655,4885,42989,271649,210078,99845,1295083,303645,118763
1,4,1,46,1168.592,3875880,3523940,3249361,274580,288897,78648,159752,665328,99921,190939,273009,281536,79421,421391,497952,212567
1,4,1,46,328.3321,16361834,7403623,3938871,3464752,566000,3070,526600,199010,53500,311040,474000,194400,65800,627000,749000,169451
1,4,1,46,686.156,5034199,4164111,3310777,853335,472185,72642,413563,222766,8780,81374,136324,187473,265687,509234,657045,283703
1,4,1,47,1471.8609,10172593,7770341,6245757,1524584,576556,3283,527704,215874,187099,941555,612605,329000,276965,919937,584062,1071117
1,4,1,47,2227.1429,1332606,1564331,1343006,221326,256403,2526,24669,187931,16192,135204,129312,146908,49909,266541,25098,102312
1,4,1,47,2543.1038,2876553,2016603,1750265,266338,307700,3126,59689,232247,14148,25015,300823,197261,27590,228283,310447,43935
1,4,1,48,1138.6957,4458970,3986035,3259803,726232,192319,118316,126034,117693,20840,32581,486336,194030,96116,1182356,528804,164379
1,4,1,48,1202.422,2419042,2274780,1794608,480172,272750,0,112304,158084,41939,37279,204205,111265,43727,422722,250471,139862
1,4,1,48,139.4665,6916770,6350308,4693538,1656770,646315,35200,76500,283250,321960,189620,217500,45120,160420,1850000,832600,35053
1,4,1,48,2217.3869,10152167,6579319,4561230,2018088,847631,805,257703,303900,191948,270053,392736,305955,290708,351774,936339,411680
1,4,1,48,245.1497,8742490,7295458,4578912,2716546,358101,15566,502263,342331,8042,72615,732220,251730,688454,147976,763366,696248
1,4,1,48,247.0877,8068821,2918498,2261087,657411,436369,4757,158583,136595,68297,22256,241472,174568,79610,559381,291728,87470
1,4,1,49,1198.1966,1615458,1341689,1186602,155088,208041,12797,28508,298277,28486,10653,126377,207062,20279,83752,93893,68478
1,4,1,49,1292.6319,4004317,3007368,2339336,668031,247110,5198,53097,151625,12526,32194,181176,195026,69524,776673,465427,149761
1,4,1,49,1516.9547,2325551,2312355,2000600,311755,361280,0,220996,179043,48082,53069,314715,97418,49529,338883,208281,129305
1,4,1,49,186.0127,2113160,1650871,1417711,233160,363750,12600,11000,220360,400,159360,229100,170000,14470,0,80000,156671
1,4,1,49,2201.5862,6791354,6017111,4850560,1166551,395117,38253,295110,359114,152375,203223,464467,287219,203901,1451624,767407,232751
1,4,1,49,337.9906,3527728,3720465,2696446,1024018,511734,29693,203719,318114,35379,161185,240250,158439,63876,253634,485618,234804
1,4,1,49,415.2964,2770299,1853408,1680047,173361,230893,1321,192364,273315,27034,180980,46701,163727,50913,186822,216929,109048
1,4,1,49,496.994,4787471,4420736,3515649,905087,213918,23291,159143,219357,28600,95920,307711,212553,168830,1138014,683965,264348
1,4,1,49,728.0877,11051834,8397890,4728312,3669578,474198,12233,249139,305847,101689,452084,219655,253770,140763,1418155,656386,444394
1,4,1,50,1440.0052,2328406,2370107,1922105,448003,197742,0,123888,398660,9678,6104,106580,411559,108929,146221,306612,106131
1,4,1,50,1513.6177,3018975,2798742,2352649,446092,371837,51661,39420,172235,53572,121291,264035,301903,46601,360970,345060,224064
1,4,1,50,727.308,12921389,7148934,4195065,2953868,566874,155860,234574,172635,59927,2048,181517,278660,67811,1021348,829641,624170
1,4,1,51,1178.4655,3639614,2537305,2373008,164296,284369,85315,155326,478524,30859,52090,147832,228622,357087,17228,496250,39506
1,4,1,52,120.3043,4918835,2783269,1806305,976965,338721,29201,14043,263948,25630,40124,145232,258076,16609,400000,197935,76786
1,4,1,52,486.4664,5535470,7216271,5570421,1645850,269030,16200,605140,801340,68000,520380,896651,153410,573800,0,1288720,377750
1,4,1,52,4863.3751,3038464,3283470,2435975,847495,185003,75180,49834,171421,28863,80497,192805,139930,26330,1153424,240172,92517
1,4,1,52,5693.5234,7077987,3615397,2619453,995944,301397,594,150001,230814,21217,136101,509259,272024,106440,231611,493252,166743
1,4,1,53,2032.6134,2851335,3026537,2754687,271850,452387,11390,167696,208851,103722,95730,347851,218027,75335,571686,345340,156672
1,4,1,53,3713.9416,4317200,2469467,2212913,256554,510081,14642,119276,253797,25506,158667,186320,282014,48057,0,350864,263689
1,4,1,53,4571.1497,6718292,6604183,4435276,2168907,592286,65411,249689,459910,137223,146290,124062,164355,108275,1517027,710815,159933
1,4,1,54,1646.7387,5114358,3738991,2392016,1346975,195736,0,169425,286400,169357,30713,145146,233692,238297,469956,222867,230426
1,4,1,54,3036.0808,3724693,3416022,2948020,468003,439891,1806,153884,241304,237508,43108,295313,171399,282268,186168,680633,214737
1,4,1,54,4526.6649,8461208,6502501,3725210,2777291,451177,3138,170201,199640,32505,108077,336186,154835,391839,515203,1195828,166580
1,4,1,54,962.4373,4878989,3105270,2467731,637540,161910,0,117023,449649,51350,17433,408122,290547,26040,17729,798450,129478
1,4,1,55,1447.1024,9529084,5296256,3641387,1654869,395142,48880,519340,225389,945972,73358,236152,213216,142216,0,498814,342909
1,4,1,55,145.0522,9359300,6473887,4228877,2245010,516166,67404,331602,286735,40503,7979,250047,260832,29000,1970677,289311,178622
1,4,1,55,1715.7788,4256083,3088709,2209182,879527,188321,41100,271023,175668,60559,122132,342190,214980,58970,0,513701,220538
1,4,1,55,599.5487,3801979,2397464,1801194,596270,288433,0,66102,161160,4959,155516,99204,230806,116397,103461,456310,118845
1,4,1,55,783.962,6646734,3219221,2815949,403272,316624,32964,150030,170135,59092,154399,605913,243312,260416,75752,546438,200871
1,4,1,56,1045.6599,5631034,3409239,2840010,569229,352472,59304,25895,1270043,7884,414766,215973,136966,13361,0,285286,58060
1,4,1,56,1355.6481,2640283,2598067,1910565,687502,487683,1854,73135,322880,35754,25643,351947,198040,39091,0,182416,192123
1,4,1,57,2422.7483,5275845,3412362,2631506,780856,598289,50349,185300,191778,54014,44994,288948,185461,19708,0,700320,312346
1,4,1,58,2598.7732,2232089,2493623,2177728,315895,259997,38086,161513,177640,20248,124638,155856,201330,119241,476104,350525,92549
1,4,1,58,974.5063,3800000,3134513,2944023,190489,235970,70768,500420,198592,8708,68558,353259,215995,166190,0,780879,344684
1,4,1,59,3160.8815,5050249,3663524,3205266,458258,483656,40578,298054,209497,240620,44431,371450,183346,373721,23367,725591,210954
1,4,1,72,819.0364,2932758,1677323,1447725,229598,308687,5922,89919,91362,10466,33728,75758,109843,12166,0,326594,383280
1,4,2,48,974.5063,2737272,2446799,2248867,197932,134817,193816,3315,785235,11785,0,219316,217752,32812,0,524091,125928
1,4,2,50,1541.4987,2638307,2561611,2123927,437684,164143,0,33948,477394,4181,53452,108698,189291,130406,705252,214934,42227
1,4,2,55,532.1218,4630096,2181151,1675174,505976,298403,0,127997,35370,57971,308153,114194,358529,64526,0,181382,128648
1,5,1,27,1186.5309,3915418,2739095,2387226,351869,312369,67783,95783,481605,30678,188012,276851,326485,90567,0,372822,144273
1,5,1,27,447.5551,2618517,2363448,2087399,276049,376117,32294,119082,247651,61372,11387,159123,169419,55383,403237,237285,215048
1,5,1,31,1294.0534,3517850,1883438,1675371,208067,136875,5884,27491,94353,11416,7707,139371,260526,44135,527344,192160,228109
1,5,1,36,2394.6838,3740575,4079516,3627689,451826,270069,49395,228538,259196,45918,103165,1149334,311005,210793,419745,416505,164025
1,5,1,36,3115.3926,5272749,3085349,3049944,35405,282754,23182,365182,747661,244758,107970,222893,192486,167112,189022,190119,316807
1,5,1,39,392.4049,3600000,3153195,2825645,327550,178750,29700,0,325050,22920,6400,816970,216670,634290,0,510500,84395
1,5,1,39,716.2296,4304552,2584390,2074429,509962,303646,5549,248517,164199,46988,89470,248429,105466,50737,443164,204793,163472
1,5,1,40,395.3563,1941810,2777471,2555422,222050,108610,4728,0,276945,485068,0,182183,221924,23815,770000,270149,212000
1,5,1,40,74.2318,4219820,4246650,3866830,379820,549590,25850,679200,417850,33800,82580,171000,235580,155120,708000,653900,154360
1,5,1,41,3316.0176,3225008,3249915,2754377,495537,311181,7396,283859,256648,23392,114621,167505,140399,126544,737116,388373,197344
1,5,1,43,2630.2199,4738359,4312217,3570366,741851,451870,66778,364769,227228,132803,50565,302574,279745,110066,660138,787592,136237
1,5,1,45,1715.7788,5864585,4713261,3810372,902888,523780,607,214006,251263,66176,80564,635012,414108,146056,807410,528520,142872
1,5,1,47,1958.6615,5202614,4187661,3423599,764062,584283,85568,233983,327706,97650,264112,259221,420496,279294,223497,494862,152929
1,5,1,47,355.3103,2008698,1985279,1829402,155877,337177,8036,41943,161605,19163,64253,224361,184525,89630,328789,204475,165446
1,5,1,47,4841.8642,2291002,3814515,2603107,1211408,236454,51081,175211,263730,7137,2756,74262,306829,51966,1066320,155566,211794
1,5,1,49,2697.6397,6370313,3946898,2638721,1308178,391901,32477,315857,163809,32285,137311,454042,99296,169223,179839,418607,244074
1,5,1,49,955.6973,1167269,914152,842183,71969,245970,30032,16962,206684,12447,14358,33930,98107,40005,3605,114171,25913
1,5,1,50,3372.2319,4111942,4252914,3882154,370760,383089,2631,172592,296802,163373,486206,237609,269168,57185,1153244,492668,167585
1,5,1,50,4072.1902,2069198,1220413,998890,221524,247917,0,109237,219689,14410,71657,41175,85699,19034,37907,94808,57356
1,5,1,53,3076.129,2385852,3326709,2503972,822737,647409,19684,97952,209816,57056,90536,149714,171234,27070,609408,326961,97132
1,5,1,53,702.4581,3409787,2251131,1786514,464617,340590,2879,54619,176897,37286,253889,144710,194482,37505,228349,153952,161357
1,5,1,54,2236.7355,3994949,4692411,3559452,1132958,346118,57369,91407,178591,28173,148276,234214,246990,323837,543901,1048044,312533
1,5,1,57,1462.5308,5463481,2586171,2083427,502745,498623,2419,172908,251219,30520,299150,139504,209142,6900,0,223587,249455
1,5,1,61,1327.8601,7199405,2516594,1754288,762307,311381,2000,162224,257008,34008,30032,223980,172521,31351,0,373066,156715
1,5,1,62,3372.2319,5821824,2825129,2474284,350845,270273,19240,71770,738324,3865,18222,353084,335152,38985,340295,183967,101108
1,6,1,39,425.5284,20981200,4381099,3345189,1035910,401180,0,51900,281880,800000,47700,310640,153160,86350,847500,268000,96879
1,6,1,55,393.2914,5222852,5406298,3754678,1651620,623860,12500,385680,294632,69400,348050,471850,347580,70250,0,614600,516276
1,7,1,38,822.6995,6060119,4980585,4164222,816363,638210,215145,349185,218154,86734,117265,313031,346145,305067,202430,1035771,337084
1,8,1,42,2367.0531,4181695,3071803,2814358,257445,261468,23300,64639,258636,786215,113941,181524,198460,134265,367013,164913,259983
2,1,1,29,1270.819,2362797,1636967,1348360,288607,92220,60403,73314,164739,5521,20950,343777,171557,107830,0,263337,44712
2,1,1,33,3193.4908,1808275,909209,781208,128001,30481,10212,523,286877,8470,73892,61044,65612,31433,0,203977,8685
2,1,1,36,4656.7438,1988916,2001697,1760320,241377,166584,57860,63124,513477,93668,8208,244558,111732,197289,0,223988,79832
2,1,1,43,2408.5938,0,2016394,1876579,139815,346772,125569,91204,253538,26088,0,53806,319221,324408,0,233369,102604
2,1,1,46,2748.4281,2447710,1986458,1231024,755434,138154,0,13658,220053,5663,4125,292635,126874,15286,0,335395,79181
2,1,1,51,2297.4873,1067559,1449593,1335360,114233,158323,17386,479841,307983,14110,3325,22545,42493,52679,4071,184186,48420
2,1,1,54,1509.1718,0,1647551,1457205,190346,363407,91712,58697,113527,20030,18846,166008,66639,298867,0,222376,37095
2,1,1,54,3603.0473,0,607561,596291,11270,77055,11588,3303,385005,5993,2635,24572,35635,3804,0,35635,11066
2,1,1,54,673.7292,8949169,10941564,8180235,2761329,178578,16324,24671,5474997,562193,0,309746,122322,92095,824737,301572,273001
2,1,1,56,1494.7585,2913139,4680201,4068672,611529,184563,86981,31929,81904,15334,3229,2825660,101157,235496,0,356167,146250
2,1,1,56,304.5699,800000,616610,594660,21950,57280,91000,0,144900,0,0,20000,35980,2500,0,228000,15000
2,1,1,56,359.0856,2295868,1428641,688126,740515,75801,27591,0,32947,3368,0,240988,60981,0,0,120996,125454
2,1,1,58,3147.1078,1588946,1415337,1158550,256787,128843,28780,54526,370668,8055,35114,65528,153862,71729,0,171472,69973
2,1,1,58,4511.7439,509645,816702,760006,56696,199994,8703,8332,353831,13259,7589,35448,57342,19245,0,25935,30329
2,1,1,59,407.2039,897926,3610015,3303620,306395,405973,0,319357,319745,395160,423341,538596,184319,261225,0,284352,171551
2,1,1,62,137.7677,2597500,1461876,1022576,439300,230250,0,133500,89990,22000,0,151000,77000,8340,0,75900,234596
2,1,1,62,1715.0621,303271,466050,397616,68435,32215,10684,10396,166178,1819,1165,43094,66663,13717,0,41182,10503
2,1,1,69,1831.3102,1158099,501732,489800,11932,229846,0,19081,106635,15600,6063,10576,28660,9708,0,44097,19534
2,1,1,69,764.721,1021769,939672,828929,110743,22918,45630,935,390772,28000,505,131447,31091,17500,0,61278,98853
2,1,1,72,1103.9271,365852,341462,336655,4806,137368,42412,9557,93039,3333,8141,239,32121,2500,0,2147,5798
2,1,1,75,2705.5778,1040009,936195,857203,78992,137859,21546,6192,555206,6092,29790,5766,21764,24213,0,29689,19085
2,1,1,78,1193.628,395322,479415,321829,157586,77525,527,19670,50192,5197,20543,62530,18262,37502,0,13544,16337
2,1,1,80,380.0062,394800,456878,456878,0,89771,68760,0,227082,0,2003,4900,5200,2500,0,5504,51158
2,1,1,80,519.0295,1687412,1527337,1440714,86623,58541,722,722,139881,28057,256931,4365,25348,17161,0,847,908140
2,1,1,83,61.3445,366800,143050,143050,0,44900,0,0,2550,1150,45600,12340,16890,6620,0,0,13000
2,1,1,87,930.7176,513404,493826,487059,6767,45413,353,0,418358,1136,4325,0,0,9900,0,6489,1085
2,1,2,36,1494.7585,2440220,1677865,1379933,297932,105585,0,156236,381427,132300,6614,91056,86915,98740,0,184848,136211
2,1,2,44,3483.754,1801748,1348450,752724,595726,80366,903,86948,194095,21107,35375,91340,56381,30119,0,107334,48756
2,1,2,46,1137.8468,2191692,1837207,1555721,281486,143942,59430,97114,131534,64350,40934,574828,68847,24562,0,268417,81764
2,1,2,47,2269.8712,1607849,1103179,996179,107000,136769,3037,53755,252829,27565,7525,195807,100231,16123,0,131297,71243
2,1,2,51,728.6717,1373114,1213073,1002058,211015,48911,44774,103943,124607,24385,40842,382094,53570,19569,0,65768,93596
2,1,2,51,747.4839,3117350,1571274,1376889,194385,130240,977,23362,109558,41707,583783,56551,48750,29725,0,287801,64434
2,1,2,51,873.4346,3793015,3557304,2670102,887202,99486,0,282742,96547,63744,122804,142937,138650,48826,763847,538311,372209
2,1,2,54,2288.3709,951873,1134692,1029360,105332,111381,8582,20218,363900,43040,59592,144651,105955,34778,0,80607,56655
2,1,2,60,2119.1956,422383,533884,483420,50465,168496,943,0,55698,6129,186747,35958,1906,2405,0,9395,15742
2,1,2,60,5786.3772,509182,428533,352467,76067,175769,673,4813,41580,9210,10417,25581,30953,11342,0,18242,23885
2,1,2,61,2027.3505,1467168,618253,513139,105114,191892,526,19805,42956,3540,82443,25634,32730,19472,0,7715,86428
2,1,2,63,1094.8253,1183031,931751,915690,16060,378547,373,43961,66597,8551,243155,74439,28531,14361,0,37454,19721
2,1,2,66,2297.4873,1268462,895931,675857,220074,186864,2236,65020,258574,5209,70994,7289,31369,17382,0,21034,9886
2,1,2,66,2707.8795,3228537,3729166,3190275,538891,771668,30952,504137,138014,431848,98793,82068,68124,176836,15779,208835,663222
2,1,2,67,1435.0176,96800,255961,255339,622,62486,0,0,165040,613,388,3635,14692,2500,0,0,5985
2,1,2,68,1496.153,888041,1149831,924809,225023,251778,341,90280,283955,23777,66964,10186,27632,54425,0,16378,99092
2,1,2,68,243.4271,575700,932034,657534,274500,66000,0,27000,37190,0,308000,89400,38810,30200,0,0,60934
2,1,2,69,116.9769,503130,266290,153290,113000,22400,0,0,89020,0,0,2100,19010,5760,0,15000,0
2,1,2,69,743.6734,1423842,1454500,1363552,90948,268021,0,26656,451788,41470,378586,10653,59069,15367,0,21216,90727
2,1,2,69,835.0341,1066943,2472499,1841277,631221,575754,561,271579,137543,74369,194067,130062,109829,28264,0,139541,179708
2,1,2,70,128.7313,650000,618992,588492,30500,27000,0,59000,433620,15000,11500,0,16360,25800,0,0,212
2,1,2,70,182.1373,3013034,2671189,2422417,248772,64312,0,31006,225211,5570,2007584,34528,13520,6900,0,12074,21712
2,1,2,70,2969.942,483842,429605,259132,170473,93379,0,412,33860,3524,13532,13491,29348,43420,0,12323,15843
2,1,2,70,6861.0258,925723,820306,736986,83320,240505,0,75951,75806,14271,162567,25445,25225,44503,0,32466,40247
2,1,2,70,708.4333,813776,418080,399344,18737,100838,0,0,129491,0,130839,0,15468,11300,0,0,11408
2,1,2,71,1103.9271,392714,245891,224791,21099,91348,3365,2847,49800,3591,10496,189,20551,11781,0,1443,29380
2,1,2,71,1495.1226,726616,810781,674360,136421,193927,2188,90310,150301,37795,64314,18614,35384,8760,0,23692,49075
2,1,2,71,3133.5347,342022,261040,213969,47071,78062,0,0,21361,514,52389,21695,16330,9393,0,1366,12860
2,1,2,72,1023.3197,148336,394025,338770,55255,58412,0,2726,23089,1558,207547,38392,0,2101,0,0,4946
2,1,2,72,1684.2929,694229,461565,420310,41255,220043,953,3479,33594,13280,73808,28738,3928,9281,0,12360,20846
2,1,2,72,3952.6966,473726,318662,278947,39715,71093,3722,5307,98853,4512,32360,4272,16545,13021,0,6673,22588
2,1,2,72,407.5481,742661,735497,646979,88518,329824,0,0,132948,36797,54716,21468,0,47603,0,20084,3541
2,1,2,72,439.7335,570948,458331,316296,142035,111387,2178,7619,21216,3645,94058,36188,0,8412,0,6710,24885
2,1,2,72,993.8649,1357632,788367,605995,182372,101629,9935,37452,175322,8999,23428,19392,7745,110076,1679,50819,59518
2,1,2,73,1023.3197,565067,479099,385067,94032,113023,0,3109,8138,7466,140417,42140,0,48222,0,6558,15994
2,1,2,73,1316.4824,437650,453407,336382,117025,152629,731,1117,109965,16410,26598,7472,4922,7090,0,0,9450
2,1,2,73,3581.3898,358707,498213,373510,124703,87001,0,1974,76347,2144,135672,12686,11592,8379,0,17660,20056
2,1,2,73,7016.8862,706103,736579,566404,170175,202876,6000,11583,128861,21305,45018,19628,22071,23711,0,45004,40346
2,1,2,73,716.4634,608559,679414,669051,10363,71328,0,0,550182,2337,14632,468,15307,9025,0,0,5772
2,1,2,74,512.2108,1297254,1157975,858443,299532,167372,5532,1370,21659,120656,48468,47959,146767,265250,0,14386,19025
2,1,2,74,7263.6825,1647449,1375438,1305209,70229,222084,597,13274,858400,4910,19693,31071,22953,41942,0,41475,48811
2,1,2,74,854.0395,959106,545557,470098,75458,101222,17909,5491,100666,25635,156999,413,11928,27808,0,7311,14717
2,1,2,75,2254.945,1042311,1013634,824296,189338,305914,2136,19929,102750,27620,246629,13929,18487,37445,0,4998,44457
2,1,2,75,2489.9463,281292,379039,362091,16948,36024,1988,7641,217561,19163,36900,18035,1272,8360,0,15052,93
2,1,2,75,845.3091,509316,367384,270739,96645,66458,0,15349,89219,12486,4735,6380,45004,8494,0,7711,14904
2,1,2,76,1193.862,571402,774569,677497,97072,69770,0,3054,421801,7382,150191,5469,1009,0,0,6177,12643
2,1,2,76,1563.6101,1564089,1166627,891606,275021,265832,0,21892,222095,53481,253162,5800,20368,11300,0,14857,22819
2,1,2,76,2515.1114,489190,474231,400939,73293,156163,644,1294,107494,12665,39088,10504,6454,50530,0,692,15410
2,1,2,76,2530.9993,305452,189287,158755,30532,56482,0,15355,22021,3,19966,2985,6009,19982,0,1715,14237
2,1,2,76,4993.6517,5366327,2451233,1786768,664466,329785,0,386675,11013,108130,300661,98477,59574,159430,0,197136,135885
2,1,2,77,451.6121,444625,826890,693957,132934,327922,0,59155,77054,54925,17351,0,17650,18500,0,14311,107089
2,1,2,77,9767.6327,335627,633622,616318,17305,179658,101274,531,52051,23902,99646,19521,8758,70677,0,24670,35628
2,1,2,78,226.0777,1066733,758173,603291,154882,130463,4247,24241,270906,17155,13947,7016,6200,122140,0,0,6976
2,1,2,78,231.3456,374300,253200,248200,5000,6000,0,0,200000,3000,25000,0,0,6900,0,0,7300
2,1,2,79,1129.6513,291208,308028,300708,7320,140769,712,5587,58849,9559,26401,9281,13407,15219,0,3760,17164
2,1,2,79,1292.7064,754257,536295,474590,61705,86017,0,0,228075,19304,56592,46823,9511,11300,0,5735,11233
2,1,2,79,1644.6109,1000000,1088897,798860,290037,159094,775,41857,274494,6937,226111,19097,29045,17833,0,13890,9727
2,1,2,79,905.9164,406223,363577,231885,131691,154430,0,6550,14175,5380,9099,5534,0,0,0,9681,27036
2,1,2,80,143.3539,591651,450922,450922,0,159674,0,4987,218149,6593,0,0,3430,21900,0,0,36190
2,1,2,80,1468.2859,996999,1070504,940909,129595,146873,379,4448,619578,1766,74795,10990,0,11728,0,38317,32034
2,1,2,80,756.1656,910145,937995,799550,138444,323162,0,0,151831,18734,205945,28999,661,8769,0,13210,48238
2,1,2,81,2595.1553,328945,444927,400698,44229,161524,221,141,177627,3316,30237,6232,4335,11586,0,1098,4381
2,1,2,81,2973.5659,293036,196551,176629,19922,37628,0,796,116669,729,12466,2991,0,2500,0,1989,860
2,1,2,81,352.2666,206790,385106,381876,3230,298357,0,3370,14534,0,38060,13260,0,0,0,0,14296
2,1,2,81,3581.3898,224034,212905,170405,42500,39405,0,0,54151,1023,32515,5472,14313,18409,0,1735,3382
2,1,2,81,4141.3096,287740,191024,172946,18078,65675,0,1633,43862,1837,26714,10000,8023,6852,0,393,7959
2,1,2,81,931.814,559656,295638,291967,3672,155365,784,0,80959,2631,42161,699,5800,778,0,1394,1396
2,1,2,81,982.6847,494495,438505,391239,47266,191206,30528,8095,50046,6306,46155,7842,15948,10576,0,8296,16239
2,1,2,82,1440.5382,584145,496589,417237,79352,30264,0,56148,206240,41250,29777,9509,13677,18800,0,0,11572
2,1,2,82,402.6222,168052,256886,255889,997,86782,6292,1002,46857,11282,65263,997,13238,11300,0,0,12877
2,1,2,83,209.4769,551307,544874,437961,106913,146315,3002,0,9494,12762,198887,10997,6259,34988,0,6002,9254
2,1,2,83,892.5489,1055580,912547,885896,26651,62845,755,10907,656590,2355,95398,826,0,10128,0,5265,40826
2,1,2,84,2132.372,1149391,799820,788299,11521,290856,0,147113,132603,33870,64468,51980,0,11867,0,19072,36472
2,1,2,84,986.4395,1568770,1215652,913246,302407,199615,0,12000,282053,167672,22811,34240,20376,2500,0,151954,20025
2,1,2,87,1641.238,706530,658633,645982,12650,76327,1320,9144,439727,8098,86717,348,0,9512,0,0,14790
2,1,2,92,1900.5643,96569,104287,103693,595,28467,0,0,62553,317,417,0,4512,6314,0,0,1113
2,2,1,36,459.1875,3700554,2412808,2119062,293746,189431,146327,312087,163899,19610,84352,174008,159178,44909,0,571222,254038
2,2,1,46,1245.0786,4244298,3995660,3204890,790770,74804,82299,285887,593324,32546,183757,321946,153490,44994,730838,457457,243548
2,2,1,47,1452.7277,3627299,2411555,1702168,709387,360476,83399,23454,158662,141999,37799,400677,81059,13141,0,289607,111897
2,2,1,48,249.5214,1756139,3228412,2399606,828806,345735,42803,7796,149128,6412,63822,249645,167544,15700,1197499,103767,49755
2,2,1,52,3676.4676,2961265,3557058,2689438,867619,411732,3556,90890,320969,30594,85495,256598,144573,229995,539748,474056,101233
2,2,1,52,3891.617,3455246,2398903,1696033,702870,312487,147892,66259,177304,38703,131694,202050,179499,191102,0,195892,53152
2,2,1,52,736.0352,1438986,1957421,1503704,453717,177432,197765,128830,189596,43720,92355,206995,124988,12609,0,180210,149202
2,2,1,55,254.5228,2415010,2581103,1857427,723676,483012,6934,194043,348501,179264,65058,153583,106323,16254,0,118360,186097
2,2,1,55,784.4285,5000000,3353956,2153170,1200787,525399,6836,175000,101604,177649,17420,253948,287453,55538,0,223259,329063
2,2,1,56,1465.423,15962895,10531797,5790002,4741795,266425,4776,389594,347048,42493,112207,644880,224636,164715,1505526,1549867,537835
2,2,1,57,527.3885,1010401,1818066,1387424,430642,289670,20936,84386,119063,2654,3254,186443,85325,246313,0,214290,135090
2,2,1,58,402.6003,775281,1175310,983486,191825,249548,5105,34147,224474,61834,23880,109961,47721,22520,9159,86070,109066
2,2,1,58,611.2957,5001622,2321501,1401599,919901,275881,802,88222,156379,9595,51211,159879,137548,56452,0,290985,174645
2,2,1,59,1084.0337,4965464,3554685,3191225,363460,344551,21313,363111,404345,91476,59811,1255883,230356,40722,0,270231,109426
2,2,1,59,307.1296,3691682,3884125,2486156,1397969,462951,66712,209352,163136,234616,459650,260161,65757,115173,0,262470,186178
2,2,1,59,535.8433,4231683,2945516,2202102,743414,257803,55429,210899,401071,12291,372572,147387,86531,180923,0,262599,214598
2,2,1,60,1210.9025,376777,2215140,1446535,768605,267313,1365,42104,292907,12047,521708,113022,47011,43508,0,58305,47247
2,2,1,60,158.9625,3212550,1845094,1595326,249768,159074,12899,0,238458,0,865560,103533,78850,15877,0,103207,17869
2,2,1,60,1836.91,2910828,6659648,6172458,487190,510604,16636,139475,3265504,269211,1028014,246784,106361,348459,17765,73269,150376
2,2,1,61,1263.4457,4561219,3386871,1990789,1396082,383467,32020,140394,225906,80611,84777,172715,124562,340456,0,146811,259070
2,2,1,61,1508.3218,1274193,1315647,1166637,149010,212535,27292,64434,228428,38105,19841,121995,37821,33894,103670,116942,161679
2,2,1,61,1779.768,1926705,887748,599101,288647,173867,10533,17767,86251,20343,8031,15691,71975,12400,0,79881,102363
2,2,1,61,394.9115,1038822,1095725,1013174,82551,212771,10439,8476,311659,58527,101580,152195,89570,17944,0,2154,47860
2,2,1,61,778.5593,2765945,1651833,1248110,403722,183797,2632,136413,192842,114899,51777,96664,64371,45058,7088,194780,157789
2,2,1,62,1028.3671,2591671,2510299,1980681,529619,455828,42018,112046,96441,62598,395631,270604,151089,39087,96313,221283,37743
2,2,1,62,1212.8648,754171,1388732,1090902,297830,94387,154489,29348,152426,4638,18062,207577,86820,43705,0,244609,54841
2,2,1,65,1157.5331,2049335,1742436,1095035,647401,306127,10814,208537,84370,5134,80807,60509,67676,31961,0,77559,161541
2,2,1,65,341.5596,6423420,3434809,2845899,588910,410330,60000,100000,326000,12750,540000,408175,137740,50800,0,716500,83604
2,2,1,65,380.8855,914943,793749,702920,90829,158005,41486,9271,60631,90507,175376,13824,7316,44314,0,36584,65606
2,2,1,66,1318.7891,3397988,2253793,1897218,356575,282403,9605,169836,155736,13154,143419,170703,116726,10554,0,322072,503011
2,2,1,66,1506.3705,2876385,1642699,1430238,212461,273319,86903,111928,294243,86675,33468,123544,91272,10669,0,218713,99504
2,2,1,66,181.3185,2000000,2323001,2034514,288487,728525,135593,8793,276594,39794,171624,230901,83693,172350,0,132282,54365
2,2,1,66,197.4888,377930,482883,482883,0,185881,52358,943,42462,4755,77064,6687,47495,2500,0,943,61794
2,2,1,66,671.8409,840147,842000,784917,57083,192641,133079,30260,69710,38038,7073,86030,44602,19001,0,61605,102877
2,2,1,66,946.5213,1353556,1489024,1239418,249606,296381,50053,57783,311872,56912,70464,200018,63453,18451,0,79519,34511
2,2,1,67,1348.2261,1730299,1623953,1366778,257175,439727,1619,37021,124542,51933,507939,20545,24205,10355,0,88136,60756
2,2,1,67,788.25,3320265,4249665,3508619,741046,871318,72629,280345,149729,509159,1128127,162535,76467,22365,0,61715,174230
2,2,1,67,885.3855,1071970,1060744,997778,62966,203694,23433,39175,124933,197310,204040,56591,26000,19128,0,80625,22850
2,2,1,68,145.5071,704900,761350,656350,105000,122690,23200,15000,109150,28000,6200,46160,28600,30350,0,214000,33000
2,2,1,68,1512.3905,1678218,1228561,1160777,67783,644913,211,30664,303390,15736,94471,16514,1923,40156,0,8005,4794
2,2,1,68,195.3273,5435518,4722398,3080499,1641899,791061,3405,449358,261024,176770,123745,329847,112966,425806,10318,93210,302988
2,2,1,68,213.1388,2650000,1918675,1096085,822590,476880,19200,58000,38530,105200,0,0,42140,170010,0,130000,56125
2,2,1,68,4004.018,1430123,1235784,1088552,147232,249066,18062,90514,194275,83586,240065,29472,52440,18241,9652,85998,17180
2,2,1,69,875.3477,4532409,3329427,2833725,495702,713336,23918,127924,179453,177867,239028,123905,102299,94768,0,111375,939852
2,2,1,70,1205.7961,2276444,2962641,2182007,780634,253222,3649,42415,495478,91029,12597,200420,113747,222825,0,206393,540233
2,2,1,70,1382.3943,3130002,2239032,1470686,768346,214610,3404,39078,209317,109924,479649,94723,145211,67584,0,54886,52300
2,2,1,70,1714.3835,944476,986805,874152,112653,201213,101,16396,92257,8403,193315,149448,25099,36664,0,85802,65455
2,2,1,70,208.2459,2873706,5039101,3823436,1215664,864630,1485,0,222916,601645,1626172,204521,73790,146061,0,17678,64540
2,2,1,70,661.1971,547760,580764,523043,57721,211210,12551,2022,106356,702,37935,5538,31156,15355,0,64584,35633
2,2,1,71,1315.1925,896800,1125605,1124726,879,273905,34161,57439,332640,22623,95451,100000,60468,20999,0,90449,36592
2,2,1,71,387.2809,1323955,991858,893022,98836,159368,2656,5023,210089,7886,278056,13311,55219,54805,0,19761,86849
2,2,1,71,464.0915,2293661,1386074,717493,668581,262633,11539,6217,70983,12565,16728,24128,63601,63383,0,113652,72063
2,2,1,71,633.3309,1816836,1475277,1054831,420446,225589,4503,4015,395122,20002,98317,12775,75807,72488,0,58128,88084
2,2,1,72,1414.7337,1435255,1034393,761376,273017,204029,12024,50118,179642,11356,57960,89451,26515,72809,0,28380,29091
2,2,1,72,588.0317,1146731,1848115,1608363,239752,215145,7215,53870,206299,0,79324,6186,12065,834095,0,141872,52291
2,2,1,72,75.6661,506800,1214320,814320,400000,539000,13300,0,28800,7000,3800,136900,8000,2500,0,25000,50020
2,2,1,72,88.1742,2000000,3136344,1812684,1323660,497408,2030,397000,232080,66120,21200,268600,50250,37500,0,96500,143996
2,2,1,73,1072.5122,604805,622846,561162,61684,99404,68490,2410,35293,3468,212554,25800,56608,32459,0,18484,6193
2,2,1,73,1636.7457,6274715,3092585,2592271,500314,503595,11989,487486,105623,72914,180365,312764,116941,30619,0,180275,589700
2,2,1,73,616.9329,1691000,2852746,2688746,164000,236860,0,320000,1716409,138000,9500,220800,4530,2500,0,0,40147
2,2,1,74,151.5157,355000,377770,287770,90000,154800,0,0,63040,11100,1500,21400,8130,11300,0,8000,8500
2,2,1,74,1812.593,340361,534066,413295,120771,104531,349,8817,52702,16911,80501,30231,41071,21652,0,15422,41108
2,2,1,74,3891.617,658965,639376,483069,156307,200566,7517,10612,89894,29479,9751,49568,4512,19613,0,28302,33256
2,2,1,74,80.6012,444324,615183,600226,14957,197061,39009,0,194000,1711,13196,25696,26155,27528,0,7513,68358
2,2,1,75,1258.0827,665434,3802163,2825560,976602,608855,779,106322,205219,17097,119381,512950,77201,683769,0,213811,280176
2,2,1,75,442.0112,713645,1291457,1114786,176671,280325,65352,148793,69763,85852,78805,81687,883,42880,0,167934,92511
2,2,1,75,494.778,1113194,701291,631413,69878,273093,7136,1407,161763,44290,47910,15368,30674,10200,0,8478,31095
2,2,1,75,783.6886,4105507,2938068,1871348,1066721,608368,2711,107683,271573,73708,135260,101948,129168,155477,0,94231,191220
2,2,1,76,1072.5122,1693910,1874103,1588496,285606,217916,993,83398,125331,129835,564617,197144,18919,50095,0,45191,155056
2,2,1,77,151.8315,304900,477380,432030,45350,195050,0,0,116000,0,32600,27200,22680,13500,0,25000,0
2,2,1,79,1210.1886,661452,890046,780929,109117,320554,240,38168,140528,10002,52604,50526,25583,22589,0,42502,77633
2,2,1,79,3579.6542,493973,460759,451059,9699,187721,29479,411,100361,26128,74512,7841,7339,2738,0,8982,5547
2,2,1,79,371.7816,1296366,946168,793653,152514,154038,1290,11025,307843,57664,66161,31876,19932,89099,0,48312,6413
2,2,1,80,401.6575,643857,499384,474384,25000,120915,0,17543,144174,19827,102032,17379,16381,10371,0,6237,19523
2,2,1,80,410.8305,1079850,1101414,903760,197654,356179,3384,115698,140951,70119,60068,11325,5092,80379,0,36774,23791
2,2,1,81,1100.4307,1567210,1308358,1017984,290374,319352,1448,4930,196156,36439,89063,179401,42745,21697,0,55412,71341
2,2,1,81,1188.7721,419812,389843,358480,31363,79581,484,8746,33446,7236,172991,28323,16033,3969,0,749,6921
2,2,1,82,740.2851,678911,549149,509843,39306,192629,35520,13682,72210,58583,98840,0,13095,9100,0,1214,14970
2,2,1,83,217.7386,902576,680046,652224,27822,235528,0,48204,158212,27574,34872,30283,31916,29700,0,24244,31692
2,2,1,83,450.3866,1383087,704527,607701,96826,298243,0,3976,102330,7925,95026,31122,9832,20621,0,18171,20454
2,2,1,84,1005.3704,3434464,2400340,1467541,932798,375688,705,8354,167605,710517,107417,3032,6507,26712,0,24854,36150
2,2,1,84,1159.6291,631198,857962,674251,183711,148104,0,11501,145134,2871,192513,76240,6169,28780,0,23386,39554
2,2,1,86,2404.6854,501376,802888,707819,95069,123142,0,46769,142849,127028,144061,24883,27623,10957,0,20828,39680
2,2,1,87,1257.7001,1721061,1386252,1164503,221749,374471,42786,18475,193043,103271,55790,154255,15730,11162,0,98091,97430
2,2,1,88,1290.4288,284501,861929,617274,244655,169228,2270,18485,146897,13900,37720,101997,41491,15503,0,24507,45276
2,2,1,90,1988.4738,1896300,1621520,1187007,434513,447839,977,33990,71968,39165,472706,30897,7439,13500,0,21742,46784
2,2,2,32,297.9369,2130398,1817044,1735329,81715,381469,0,63082,686316,18041,388396,16685,21548,7737,0,68843,83211
2,2,2,36,679.0726,1805484,2279102,2192682,86420,366634,6268,271113,388666,138480,178016,233073,192772,190858,0,164968,61835
2,2,2,40,2136.9739,12011441,6611595,6037881,573714,1057385,58008,740632,273625,225404,307664,576389,170542,390747,819988,616753,800745
2,2,2,43,3971.945,3042791,1811390,1276265,535124,259501,93,116151,222756,4329,97501,206018,132083,20750,0,88432,128651
2,2,2,44,3550.0574,3823350,3462687,2661522,801164,203066,0,145406,653642,18217,95159,138877,165264,135298,725809,252181,128604
2,2,2,46,273.3261,3048973,1249143,1161378,87765,402000,833,6843,33158,37766,5933,90480,270867,169593,0,99545,44360
2,2,2,46,422.3613,6000000,5152086,3250151,1901935,647469,5173,259223,270222,68382,60281,200000,149387,104803,804919,425563,254730
2,2,2,47,1807.8287,5000912,4036996,3568405,468591,372047,2404,386291,199673,123997,339628,257329,157677,470591,642245,320001,296523
2,2,2,48,325.1749,1852000,1187067,1040857,146210,170000,1104,45058,500348,0,0,30000,133323,2989,0,118000,40034
2,2,2,48,3891.617,3990894,2045912,1697228,348684,224277,51890,97686,537746,20543,23061,160977,128010,52857,0,255431,144749
2,2,2,49,1690.2323,4080633,3516452,3076184,440269,460827,12116,373277,230314,191953,409652,82092,191840,297262,237742,248546,340564
2,2,2,50,270.4432,2940000,2089402,882012,1207390,64734,2500,0,229430,0,0,362875,79700,0,0,41000,101773
2,2,2,50,697.7184,2345104,1996224,1497403,498821,367401,3354,58005,270936,78127,232944,163007,155514,9291,0,73434,85392
2,2,2,52,1807.0967,1687571,1289787,1036871,252916,197115,4114,52844,147525,121229,171963,61809,94331,34106,0,68525,83310
2,2,2,58,3163.114,3707763,2546407,1971884,574524,217190,75912,192396,131317,11211,476619,228686,155026,32809,0,380192,70524
2,2,2,58,4004.018,1656082,2208805,1387716,821089,315798,137,58658,202747,23913,5075,275840,117555,134582,17496,117316,118600
2,2,2,58,73.1483,1375127,1182082,764546,417536,122572,0,1536,117160,1995,26208,109843,118170,2756,0,109348,154959
2,2,2,60,1011.713,1971906,3489286,2942145,547141,396747,6399,96043,237726,6099,164752,1276180,227832,20525,0,243342,266499
2,2,2,60,4235.4023,990635,763356,749999,13358,147375,74513,7469,344296,14515,1591,27132,73006,3160,0,46084,10859
2,2,2,64,1561.7676,813007,1050084,798733,251351,374390,91811,14066,118719,67653,7001,6343,30952,15258,0,14511,58027
2,2,2,70,1668.0533,783564,931153,863610,67543,251492,97296,33131,165734,19069,47780,50000,49659,92116,0,38642,18692
2,2,2,71,1904.9298,1251785,900689,797018,103672,365474,2065,33165,158880,78577,40103,29051,0,4045,0,66181,19476
2,2,2,75,115.5255,1330298,858623,675017,183606,197705,6281,11699,54346,87594,230339,17141,13587,2500,0,10042,43782
2,2,2,76,1311.988,386523,280675,215507,65168,113185,1059,2471,48399,334,7518,11056,8342,8083,0,9885,5174
2,2,2,79,247.4288,629579,2118367,2072097,46270,316533,0,43698,235221,4424,43779,13007,93163,33304,953874,273468,61626
2,2,2,79,5254.3682,0,1612078,1230646,381432,268727,0,68849,114316,204369,82327,105836,44309,25405,19887,190773,105848
2,2,2,81,624.8797,587176,654847,536114,118732,197151,17176,536,59666,21343,177738,7236,5425,11810,0,18697,19335
2,3,1,27,563.9003,3938069,2044804,1880093,164711,399210,83961,60598,179995,74787,273925,119542,401003,50461,0,99315,137298
2,3,1,33,1792.7462,2340449,2440049,1815937,624111,152719,3542,164767,193490,61463,239208,312995,126762,113000,0,251399,196592
2,3,1,35,3450.6845,3136693,3010510,2493264,517245,202567,10805,121917,217132,63883,111094,499196,152095,412506,54057,578866,69146
2,3,1,38,2145.8497,5532430,5802861,4387738,1415124,443650,100517,333758,200741,169927,241032,1488970,126758,419139,69000,407566,386680
2,3,1,44,5831.0246,1893870,2700091,2298582,401508,440624,12908,171754,200797,46237,10762,253355,247511,109825,363982,270906,169922
2,3,1,45,2156.4712,5416276,3786998,2896210,890788,408218,3225,220116,251404,79209,84047,499424,190547,193308,331540,426202,208969
2,3,1,46,2156.4712,4875224,3294186,2604956,689230,492569,75958,209311,243401,48682,155594,128394,198298,42693,420772,352146,237140
2,3,1,47,1763.5397,3679163,1615472,1337313,278159,226814,906,62407,195441,10652,8670,65685,219014,42942,157263,255312,92207
2,3,1,48,189.3853,6528690,5696376,4305472,1390904,271119,43478,194016,2407387,33628,27750,245634,316133,47184,0,167550,551593
2,3,1,48,2495.1105,3545059,2978897,2539016,439881,170455,36895,93715,193456,12560,10830,343081,139935,42961,673486,648699,172944
2,3,1,48,744.498,4935818,2985990,2323289,662701,152261,548,101194,286046,21026,227048,294010,298388,104840,436083,259021,142824
2,3,1,49,993.241,4689155,2329904,1744442,585463,273288,57235,56641,315549,82518,57524,236210,139973,163427,0,244403,117675
2,3,1,50,1180.6851,9730741,6024621,4574336,1450285,454418,28875,544859,306772,148944,569865,515520,298703,110692,198133,432258,965298
2,3,1,51,314.5611,6508415,8231198,5030923,3200275,938442,76333,376918,463346,47838,368877,591025,415933,272888,1004798,290007,184519
2,3,1,52,1822.0959,1583782,2389141,2089689,299452,170996,3000,24636,196423,32622,260632,300710,174957,48706,719766,107346,49896
2,3,1,52,503.5514,10481830,11691689,8606883,3084806,956789,62318,2189146,638978,491278,395027,201370,290926,149481,2254742,360283,616545
2,3,1,53,2854.1062,3645115,2844118,2239298,604821,625832,13487,167469,227807,35969,47076,284813,151617,105164,330167,164838,85058
2,3,1,53,3541.5771,6523924,6677589,3591357,3086232,309502,120755,182346,160732,6311,175526,117642,171199,168456,1741266,324967,112654
2,3,1,54,1674.9205,2532200,1859744,1292693,567051,351297,16907,126689,157282,47639,74072,42772,119896,71315,0,143364,141460
2,3,1,54,182.1075,2159314,1236790,923257,313534,188963,25499,0,88041,4860,25274,265426,111799,26500,0,112962,73934
2,3,1,54,1929.1145,3201106,1897425,1364844,532581,149825,16505,79055,225054,32147,5570,356758,187666,37756,30708,149489,94313
2,3,1,54,3450.6845,7089415,5710844,4253913,1456931,752854,56750,343307,326090,139696,392703,296334,266175,162703,781342,519825,216135
2,3,1,55,1306.2999,3230607,4172545,2684974,1487571,542671,2504,115201,215843,222093,283363,310507,177545,97141,482633,126248,109223
2,3,1,55,1650.3533,2900451,1648298,1247534,400764,275039,0,210752,133916,24429,9027,170655,129851,32087,0,146840,114939
2,3,1,55,2272.8158,1560904,1578140,1176661,401478,261029,2546,20515,224908,3702,20762,246204,122852,29508,0,210846,33791
2,3,1,55,2403.0269,3273585,3695460,2652726,1042734,401635,3120,94300,508527,68669,490278,168452,185251,42739,410469,183619,95665
2,3,1,55,723.588,1618302,1216278,941346,274932,188126,3996,33963,160982,33083,13404,59919,195782,23538,9151,143058,76344
2,3,1,56,2495.1105,4718422,4543926,2849280,1694646,421225,50381,298554,202153,37833,78366,259015,161834,167424,609023,420040,143433
2,3,1,56,3856.1215,3396334,3204771,2409105,795667,436825,85445,199123,286863,84251,65194,278130,209994,115155,0,293075,355050
2,3,1,56,394.1406,3201877,2796265,2588196,208069,539820,12374,63793,185387,938559,268133,209964,66958,22896,0,110390,169923
2,3,1,57,1200.262,4327089,2994437,2415197,579239,430488,30688,61017,246445,44376,201817,436758,143147,265015,0,266541,288905
2,3,1,57,553.7309,2751272,2206068,1671191,534878,162264,4400,73509,65474,135063,29281,102689,141168,209969,0,675378,71996
2,3,1,58,1502.6401,7466684,3281243,2152927,1128316,278152,36631,205870,282796,35062,151345,337810,427659,90429,0,236527,70646
2,3,1,58,1517.2319,4029973,2774455,1995828,778627,674631,4396,119351,506774,53684,149722,91318,97234,13804,0,106186,178729
2,3,1,58,415.5782,3412437,3741418,1444471,2296947,295171,31298,169619,180888,31271,19563,213412,84195,58831,0,288251,71974
2,3,1,58,544.7368,4019314,1728224,1293495,434729,135557,1973,214261,113028,30243,78846,238415,142481,26912,0,181180,130599
2,3,1,58,750.7107,5071940,4014519,3387449,627069,360571,6958,56198,224258,512219,28226,379258,132225,75854,803844,616166,191673
2,3,1,60,814.994,5595660,3274637,2046532,1228105,203166,11010,175562,639787,37155,65211,168910,170219,174516,0,303014,97981
2,3,1,60,943.4912,3864338,2996308,2664014,332294,443442,9374,181408,218823,361593,189574,341472,149532,403678,0,183158,181960
2,3,1,61,3541.5771,4099553,2645573,1816562,829012,337288,2118,99516,229594,22628,48699,260984,173216,162168,0,313385,166966
2,3,1,63,847.8588,2700350,2490958,2098357,392601,349044,3263,159527,272920,65796,335553,379039,69439,45604,0,295082,123089
2,3,1,64,709.0785,6435475,3922911,3116260,806651,696287,18140,313102,388421,39456,115500,396827,168607,498233,0,253704,227984
2,3,1,65,3463.7456,6475122,2388052,1640186,747866,570985,1475,144607,193090,53446,50909,137038,132877,38973,0,215944,100842
2,3,1,67,503.5514,3927478,3251534,1514213,1737321,311029,0,25525,302738,38093,193380,152339,113336,67668,0,190799,119305
2,3,1,67,847.6444,5999989,2470546,1751580,718966,224931,46259,95089,105917,88967,111446,281623,226040,178212,0,195619,197477
2,3,1,68,422.5848,2147480,2304005,1817892,486113,165707,68605,31136,484705,14280,301368,400932,73348,35999,0,162605,79204
2,3,1,69,2159.2027,3703822,1877407,1654244,223163,280196,125230,64394,211395,13249,40926,307669,137146,38595,0,247018,188427
2,3,1,72,1232.3842,1262504,1589501,1345585,243916,323747,76921,38139,218510,90342,140834,195075,114513,75366,0,32565,39573
2,3,1,73,113.9452,1065430,1050833,845833,205000,83800,4000,64000,213800,13200,20000,94000,104890,47900,0,126700,73543
2,3,1,73,1346.9442,4747814,2830979,2327304,503675,556263,4113,52067,158073,114267,326284,284763,154720,274919,4668,264260,132908
2,3,1,73,913.538,961343,1034657,1030254,4403,324217,786,20780,357047,164499,30155,14527,27773,66991,0,4617,18861
2,3,1,76,4422.6007,908232,1139279,1067578,71701,250931,49450,60897,161213,7251,71442,102097,79172,81041,0,182363,21722
2,3,1,80,861.7689,604487,473132,437289,35843,36452,25977,26056,110108,0,19929,22324,105065,20062,0,62429,8888
2,3,2,33,1093.102,9013788,6118219,5348620,769599,517865,43478,682074,254406,223262,859148,371011,103977,635588,299814,654710,703287
2,3,2,36,2720.5434,2227016,2163266,1705146,458120,256643,3441,147254,220899,47034,112649,202188,218336,100700,76957,78614,240432
2,3,2,37,2938.6674,962310,1596121,1542611,53510,122614,1971,95735,751425,15311,17577,18768,144892,35469,302974,21102,14773
2,3,2,39,125.6265,5150000,2739295,2229295,510000,40940,0,142600,0,17500,141620,181700,0,306700,1230000,96000,72235
2,3,2,40,180.0117,500000,1219582,1176482,43100,67800,0,0,586250,2500,41000,183800,50412,54220,100000,84500,6000
2,3,2,40,2233.6934,7348430,5360779,4793713,567066,433186,21098,323173,179810,49273,229500,1555454,192015,133785,613323,383168,679929
2,3,2,42,983.5083,3669628,2869053,2478328,390725,324532,0,285361,194723,57816,100117,180233,146002,171136,652325,151808,214276
2,3,2,43,1066.7113,4657170,4939842,4415423,524419,311610,34437,177695,315140,308959,710199,242349,162899,466082,835545,507875,342634
2,3,2,43,2130.3396,4077546,1955058,1464130,490928,233614,4756,33219,176245,11042,89688,36989,86435,43039,657345,21801,69958
2,3,2,43,4452.2995,1313891,1567369,1325630,241739,222722,3027,67453,138740,29203,34153,87531,93358,66195,306263,242841,34145
2,3,2,44,186.8764,1544570,1274526,1224526,50000,177260,0,56500,158480,11400,10990,50000,26400,20500,426300,199400,87296
2,3,2,44,2428.4874,4269548,3477614,3133795,343819,343467,36751,272855,305825,216398,641074,331176,250242,147974,49798,206856,331379
2,3,2,44,871.6692,2613703,1512266,1316770,195496,321799,16008,39709,267416,34553,33191,19339,134378,20667,193042,17854,218814
2,3,2,45,1375.5894,4568135,2827323,2276483,550840,202474,7548,157956,184617,43923,9857,221480,216812,79748,371554,450435,330078
2,3,2,47,3563.9118,7805270,5191594,3827413,1364181,368523,11300,427999,162333,39057,201082,321979,135146,171097,1181371,413951,393574
2,3,2,51,1634.7587,5049257,3406323,2720899,685424,355098,15943,274458,207225,81447,375049,149524,145996,79740,648701,261130,126587
2,3,2,53,2876.2071,3096484,1648644,1417271,231373,178436,164398,22775,175643,24273,9258,239153,201455,18106,0,262867,120905
2,3,2,53,831.4569,15857489,4830361,2722104,2108257,614392,2116,472598,266975,132798,180177,152106,304,374806,0,408162,117671
2,3,2,54,3519.0791,3970947,3669172,2744999,924173,311107,3066,286239,373414,78509,339111,255222,154093,93106,62298,556019,232815
2,3,2,54,869.8012,6154513,4570592,3821484,749108,225592,0,0,226975,74154,1328080,187128,159893,655199,648358,169646,146457
2,3,2,56,3905.9622,5708207,3458301,2894029,564272,206404,3668,768517,381112,73282,167643,380722,123313,57903,0,487385,244078
2,3,2,57,503.5514,5146848,2832509,1771158,1061351,333341,19673,35225,414756,3596,3819,279790,163866,73802,0,317721,125570
2,3,2,65,3513.524,772021,689972,652696,37276,365995,17352,31603,76032,33771,19637,0,58414,19865,0,13718,16308
2,3,2,74,3205.1368,1474819,1965142,1887642,77500,317508,53792,42304,745726,64412,167912,56843,121789,21200,0,254088,42067
2,4,1,30,542.2341,5300000,3516204,2774799,741404,296644,33428,250182,347382,6648,106299,632530,115229,191298,0,600503,194656
2,4,1,35,2393.0526,1832290,1920083,1909969,10114,333956,0,102284,632782,56898,250461,42107,68298,54218,66973,105431,196559
2,4,1,35,574.8521,2819762,2599776,1887943,711833,326909,58645,124747,170501,98453,73452,116471,300417,111203,20000,203731,283415
2,4,1,38,1516.5717,5626897,2990925,2323897,667028,517959,104893,166852,159102,142055,224158,189905,224684,157785,29909,275304,131292
2,4,1,38,311.7245,822638,1552470,1541970,10500,114280,10107,10896,172329,18393,39626,145842,172945,150777,300000,249834,156940
2,4,1,39,2270.7166,2552054,2409661,2210204,199457,384721,14519,109524,320207,150023,115642,182256,114806,355106,31987,172132,259282
2,4,1,39,891.9551,4557991,3804757,3102334,702423,497633,144831,74201,707009,116070,221175,264360,147347,172405,138808,264382,354113
2,4,1,40,2380.9161,3245751,3113135,2691957,421177,185324,30115,429932,199745,59279,217661,103592,198956,46335,614647,405225,201148
2,4,1,40,261.1656,2864598,2080323,1775888,304435,273972,256,140487,351672,47560,62160,236506,105591,50834,79718,252589,174543
2,4,1,41,192.8413,2235509,2935336,2445255,490081,211618,75869,686949,228088,78673,20386,203582,204482,83341,137367,239297,275602
2,4,1,41,2098.5419,2717301,3142909,2292341,850568,283267,6435,133239,213434,41924,200385,201646,222068,50054,414016,312907,212965
2,4,1,41,815.7091,3117943,2963331,2596432,366899,308241,28252,136478,432236,41633,145574,208803,133475,103818,657491,194622,205808
2,4,1,42,1861.0959,3687729,2887436,2037372,850064,303474,36107,272313,91451,53878,76793,202867,218608,52230,27589,443563,258499
2,4,1,42,451.8245,2634389,1899017,1643283,255734,227560,25159,77057,203466,8968,273658,72005,146549,17220,0,450987,140654
2,4,1,43,1877.4384,3164200,1740695,1386421,354274,322925,82481,26338,135148,21719,89639,147095,133136,60293,122726,175517,69402
2,4,1,43,2135.4499,2902066,2679826,1596894,1082932,220099,7754,82170,156812,33794,26500,351191,165778,75072,251884,122364,103476
2,4,1,43,2380.9161,4526277,2101723,1622179,479544,264797,0,54966,255407,31446,109245,109261,88499,106880,178993,170872,251813
2,4,1,43,457.4716,4472673,6994385,6235371,759013,660964,2236,918688,562943,942774,273995,159364,230606,571071,936472,484381,491877
2,4,1,43,4913.2072,2539853,2418683,2173786,244896,349410,0,185322,206206,114537,37656,352723,140420,103919,330743,241356,111496
2,4,1,43,5371.5442,4907771,4539518,3679855,859663,440437,6344,304308,253652,516659,22033,368542,208118,231469,641536,471151,215607
2,4,1,44,282.4822,7000000,6764368,4266548,2497820,483490,40000,1172500,414460,19090,0,545000,294540,37300,470000,650000,140168
2,4,1,46,1030.4529,7105975,4143653,3549509,594144,477191,0,201576,239137,17767,25043,64361,279695,51964,1903725,155065,133986
2,4,1,46,1631.412,5474648,4886113,4118607,767505,487348,83209,186728,264721,52989,123250,513246,237205,268608,830869,803981,266453
2,4,1,46,6038.2949,3771494,2909387,2251879,657508,270941,857,156842,228405,26468,213212,307795,176743,49922,374682,205544,240467
2,4,1,46,783.5716,6782050,6338619,5187321,1151298,521692,8718,182104,137728,41630,85331,736259,239230,374200,784959,1135665,939804
2,4,1,46,893.1033,5787593,4351012,3123845,1227167,311959,16362,301519,243529,99643,63880,259590,269312,95065,618200,607382,237403
2,4,1,47,381.9539,2600000,1959103,1717962,241140,363004,79063,89254,261932,18283,0,95869,258789,58312,317334,25148,150973
2,4,1,48,1422.8157,4242232,3544302,3241998,302304,497870,16067,576422,233776,85953,228278,153891,307715,92239,303358,455759,290672
2,4,1,48,822.6797,5097297,4149027,3805987,343040,360675,22531,369752,183923,66957,125861,436049,386505,194738,939348,387740,331909
2,4,1,49,1489.2342,9898777,6426046,5589456,836590,646276,178483,649156,198070,61406,253077,382042,298005,997315,378724,981955,564946
2,4,1,50,1202.4433,5034344,4369369,3838438,530931,232971,12252,478248,341798,7392,51193,432837,274279,154464,1098508,627397,127098
2,4,1,50,1345.4478,4957051,4174814,3492888,681926,229748,61200,217857,233694,43538,244546,1239219,301498,210111,293178,215187,203112
2,4,1,50,1352.3477,9015830,9203599,6501428,2702170,389985,0,554163,281789,239783,2918,679240,379807,1864702,1068062,720371,320610
2,4,1,50,1674.7745,2908905,3222242,2770789,451453,438891,80781,126897,232680,41720,67191,285350,311662,102510,450386,486356,146366
2,4,1,50,2633.198,3455600,3253478,2958707,294771,479531,4700,151828,415473,37453,19480,325962,241014,49815,864192,227524,141735
2,4,1,50,626.2059,2572853,4373187,2676723,1696464,320428,0,37178,857631,57324,46046,565165,278165,101540,0,250051,163195
2,4,1,50,762.3195,4035505,4468176,3640198,827978,627758,51807,285185,236133,574362,151834,198771,350657,60065,369804,490259,243564
2,4,1,50,948.7259,7753821,4266165,3605705,660460,237485,161507,305232,208740,35125,2377,645481,274487,55214,0,1467391,212667
2,4,1,51,2327.8246,5385305,4143609,3480314,663295,402468,134050,335616,231442,125511,49203,392981,224816,131633,389780,786215,276599
2,4,1,52,175.4521,4698277,3659226,3188732,470494,384578,13529,266352,213515,20031,430620,154870,106295,159227,920000,266137,253577
2,4,1,52,2043.0589,5412863,3501459,2785803,715656,364644,20737,154202,204568,41494,449429,356424,218443,110687,90501,464210,310464
2,4,1,54,2162.7124,3437027,1733149,1351254,381894,248306,1137,195148,192070,24768,73374,157059,164460,18917,0,100375,175640
2,4,1,55,2943.1066,4433995,3039537,2558959,480578,282041,2935,233349,775314,84058,78419,180414,173105,46531,13073,250998,438721
2,4,1,58,5371.5442,10113617,6282104,5308207,973897,308854,32934,472013,403725,24320,273336,404656,231261,82160,1791668,455763,827519
2,4,1,70,182.7099,1242440,363950,320990,42960,143640,0,0,350,4800,0,47200,0,6000,0,112000,7000
2,4,1,70,815.2869,3374554,3483378,2782343,701035,281203,48825,83656,849131,57853,286549,458840,126551,134890,0,367407,87439
2,4,1,72,3025.6065,434703,601559,558084,43475,144995,2425,7871,90315,12370,53161,91714,5940,75406,0,40627,33259
2,4,1,73,1847.0068,5987005,5567807,5091025,476782,381180,50241,130605,438104,86975,450138,2393531,151174,68454,323107,419885,197630
2,4,1,78,4216.4791,4939693,2331224,1720394,610830,570588,1946,192004,280105,46790,61842,140323,37794,222814,0,71624,94564
2,4,2,44,503.5564,2291807,3634234,3329763,304471,469775,19777,265383,206897,39620,28115,85116,243327,179231,1018958,534530,239035
2,4,2,48,2184.2988,2632016,2995840,2379070,616770,122411,1263,78173,322417,4831,30505,209553,178928,155184,462527,633787,179489
2,4,2,68,4908.7373,2433549,1347927,1186563,161364,149050,7350,52906,385924,7022,55626,58282,153779,37965,59370,187330,31959
2,5,1,33,1143.014,4769727,3565100,2379983,1185117,223170,6958,112157,123675,73215,287883,229736,164207,148757,233082,319911,457232
2,5,1,38,1041.8531,4019370,4282056,3649345,632711,441851,24266,217760,313931,230103,151137,421466,267882,83161,671994,559237,266556
2,5,1,39,2263.9831,3990339,3042812,2738976,303836,407372,1729,243379,274953,329598,97381,123395,164389,76127,593007,196407,231238
2,5,1,39,3571.4368,7017343,4552990,3482765,1070225,580473,39118,538784,181234,106630,333180,272454,102006,208572,413935,204303,502075
2,5,1,40,2479.9541,2337703,2257420,1961814,295606,398488,43718,31637,195353,17609,24855,25385,145404,32890,445400,212942,388132
2,5,1,41,67.2408,4415000,3656510,3180640,475870,302520,20700,90000,95800,400100,14400,227000,169270,136800,739200,915000,69850
2,5,1,42,3301.6492,4859523,3879959,3180905,699054,313488,7028,448185,129512,210711,86374,300436,171538,239986,192213,567607,513827
2,5,1,43,1206.2826,5400903,3536791,2932272,604519,440380,124230,192192,243387,26880,369756,313046,243743,87515,320000,290880,280263
2,5,1,46,2320.6483,7674279,3141240,2007967,1133273,64004,1292,16088,247068,40852,44452,425483,259244,46129,108730,517455,237171
2,5,1,46,3281.5614,7185580,6801747,5263083,1538664,907055,6147,642173,351957,147930,114787,577104,260551,350426,761495,803904,339554
2,5,1,50,1739.5799,9229434,6805424,4335148,2470276,265424,3627,253817,194703,85904,540779,716651,339398,367652,456114,665978,445101
2,5,1,50,2512.595,3672464,3407791,2678236,729555,535160,8676,136770,176839,16600,277911,165336,183466,132136,564202,209200,271941
2,5,1,52,1028.3011,3025412,2118885,1621540,497346,250862,70026,103017,180325,8289,30675,200944,153846,12460,124099,381988,105010
2,5,1,62,4216.4791,6298061,3302662,2479805,822857,449179,2720,190811,319077,22554,41920,564719,260713,30793,0,462178,135141
2,5,1,82,2393.8359,2861943,2339120,2191306,147815,496947,853,101524,389994,34125,257645,135285,88283,112310,17746,367822,188771
2,6,1,41,837.2799,3413447,3160078,2548673,611405,235593,7163,199991,60147,51269,110911,246363,109895,106649,779100,469817,171774
2,6,1,47,718.113,3441283,3581875,2861564,720312,408112,4058,500075,271788,22753,91815,180277,160796,264974,580827,276162,99927
2,6,1,54,2265.3975,2347982,5260225,4699539,560685,1106002,38635,489575,332323,170379,144855,153407,304954,189015,966743,549036,254615
2,7,1,44,2487.9883,1824526,1955553,1913192,42361,410362,35134,133242,326725,75494,105938,205813,124857,116507,72431,170872,135817
2,8,1,39,2580.6686,6122567,5602117,4817219,784898,510103,66479,415392,357803,72987,722502,289970,368850,143336,1095911,372152,401734
